0.00100999919200065	0.00107999913600069	1.524	0.785	15.38
0.00200999839200129	0.00215999827200138	1.679	0.821	20.87
0.00300999759200193	0.00323999740800207	1.716	0.842	30.54
0.00400999679200257	0.00431999654400277	2.066	0.816	34.45
0.00599999520000384	0.00629999496000403	1.945	0.877	60.23
0.00899999280000576	0.00917999265600588	2.174	0.933	76.44
0.0130099895920083	0.0131399894880084	3.048	0.953	121.44
0.0190099847920122	0.0192599845920123	2.858	1.04	178.33
0.0280099775920179	0.0282599773920181	3.471	1.137	278.59
0.0420099663920269	0.042119966304027	4.436	1.286	343.9
0.0630099495920403	0.0631799494560404	6.677	1.49	516.12
0.0940099247920602	0.0941399246880602	7.838	1.796	810.41
0.14100988719209	0.14129988696009	13.992	2.309	1053.23
0.211009831192135	0.211139831088135	15.056	3.023	1795.38
0.316009747192202	0.316259746992202	22.128	4.141	2778.7
0.474009620792303	0.474299620560304	38.323	5.909	4460.84
0.711009431192455	0.711179431056455	45.115	8.406	6151.04
1.06600914719268	1.06613914708868	70.019	12.887	9687.88
1.59900872079302	1.59911872070502	101.698	19.142	12897.23
2.39800808159353	2.39831808134553	185.028	28.292	20190.03
3.5970071223943	3.5971171223063	222.61	42.799	30357.66
5.39500568399545	5.39513568389145	356.127	62.315	46575.29
8.09200352639718	8.09207352634118	527.513	92.65	70127.77
12.1380002895998	12.1381102895118	769.213	143.398	105509.55
18.2069954344037	18.2071654342677	1123.887	207.384	154846.29
27.3099881520095	27.3101181519055	1767.764	306.694	238624.99
37.3099801520159	37.3101901518479	2306.842	419.375	322148.27
47.3099721520223	47.3102621517903	2937.304	533.07	408842.1
57.3099641520287	57.3101541518767	3542.543	641.787	500895.46
67.3099561520351	67.3102261518191	4139.197	752.636	586398.16
77.3099481520415	77.3101181519055	4703.438	889.093	672990.16
87.3099401520479	87.3100101519919	5382.089	980.127	758832.11
97.3099321520543	97.3100821519343	5701.684	2467.13	841633.56
