0.000969999224000621	0.0174599860320112	7.108	1.231	422.44
0.00147999881600095	0.0266399786880171	10.157	1.425	563.12
0.00177999857600114	0.0320399743680205	12.091	1.442	659.58
0.00356999714400228	0.0642599485920411	23.899	1.919	1463.44
0.00435999651200279	0.0782999373600501	25.943	1.978	1588.01
0.00558999552800358	0.100439919648064	35.453	2.23	2202.96
0.0118899904880076	0.213119829504136	115.752	3.22	4903.9
0.0132799893760085	0.237599809920152	76.738	3.632	5008.4
0.0207099834320133	0.369719704224237	150.209	4.471	7371.74
0.0423399661280271	0.752939397648482	284.593	6.81	16829.24
0.0941799246560603	1.66013867188906	552.322	11.49	42272.63
0.119049904760076	2.06495834803332	740.208	13.181	51168.13
0.197529841976126	3.37589729928216	1256.44	22.616	87334.82
0.304809756152195	5.07365594107525	1909.976	31.769	118189.67
0.463779628976297	7.46405402875678	2841.13	44.905	161165.13
0.715399427680458	10.937871249703	3970.476	70.184	273013.91
0.894739284208573	12.3528501177199	4109.844	81.717	359619.55
1.41533886772891	17.4119260704591	6022.747	128.969	489932.51
2.22983821612943	23.5898811280951	7431.7	190.998	779734.29
3.56962714429828	31.7078746337003	9809.793	298.967	1104645.82
4.86012611189911	31.249415000468	8727.9	366.218	1381530.74
7.59079392736486	36.7251906198475	10553.925	570.067	1826849.94
12.1310702951438	48.0065015947987	14135.046	913.789	2156465.8
18.0741455406836	52.6375378899697	15597.564	1308.244	2427797.6
36.3270409383672	64.6534282772574	19764.833	2533.207	3220297.18
47.2429422056462	82.824233740613	24853.464	3359.211	3695180.38
56.206885034492	84.0244727804218	24921.045	3839.264	4080162.13
66.8277565377948	97.1596022723182	29026.178	4621.743	4537293.12
83.7190130247896	99.932680053856	29863.214	5722.693	5260976.76
90.588107529514	100.0	30734.051	6073.993	5559645.59
