0.000829999336000531	0.0149399880480096	6.145	1.041	358.13
0.00189999848000122	0.0341999726400219	12.827	1.14	836.43
0.0023499981200015	0.0422999661600271	14.429	1.161	1021.31
0.00373999700800239	0.067139946288043	21.582	1.306	1575.96
0.00595999523200381	0.107099914320069	35.077	1.468	2383.83
0.00688999448800441	0.123119901504079	41.178	1.7	2512.45
0.0128299897360082	0.230219815824147	81.617	2.06	4996.35
0.018819984944012	0.337139730288216	107.978	2.645	7448.11
0.0254699796240163	0.456119635104292	188.172	3.248	10185.26
0.0383899692880246	0.685439451648439	239.828	4.412	15792.25
0.0631699494640404	1.11707910633671	380.796	6.52	28417.28
0.09372992501606	1.64573868340905	597.956	9.3	41496.87
0.137759889792088	2.39003808796953	846.294	12.826	53081.51
0.178229857416114	3.02039758368193	1119.805	15.924	76139.19
0.310969751224199	5.19551584358732	2041.538	29.755	123508.59
0.355619715504228	5.66639546688363	2261.866	30.729	127886.81
0.713169429464456	10.884771292183	3916.951	61.64	280740.06
1.03383917292866	14.4619084304733	5096.38	86.764	374118.2
1.30079895936083	15.8783272973382	5281.312	108.4	497808.38
2.39504808396153	26.1098791120967	8234.082	193.174	790188.43
2.56807794553764	21.3233229413416	7218.315	188.526	803769.32
5.37429570056344	37.3629301096559	10717.44	405.439	1520453.29
8.06793354565316	42.4329860536112	11951.483	581.155	1933233.5
12.1000303199757	47.4209620632303	15311.853	844.775	2165899.51
18.0193755844995	51.7585985931211	14207.154	1231.011	2418753.87
23.6375510899591	46.1564630748295	13001.361	1522.028	2655117.98
36.8025805579356	67.8662457070034	21481.621	2463.99	3233823.13
47.2277422178062	82.6291138967089	24335.959	3210.881	3697495.1
57.0976143219085	90.696167443066	32772.03	3899.437	4115897.25
66.2786069771144	94.0391247687002	27153.386	4796.23	4522647.81
74.8174401460479	97.5496619602704	28833.326	6306.106	4880292.6
83.4960832031334	99.8898400881279	29815.598	8488.543	5253052.35
90.567267546186	100.0	29845.833	9779.164	5560157.02
