0.000759999392000486	0.0136799890560088	5.437	0.867	358.13
0.00210999831200135	0.0379799696160243	12.919	1.017	808.29
0.00225999819200145	0.040679967456026	15.034	1.041	840.45
0.00347999721600223	0.06245995003204	43.645	1.194	1515.67
0.00353999716800227	0.0637199490240408	22.513	1.116	1475.47
0.00775999379200497	0.139679888256089	67.388	1.532	3183.65
0.00864999308000554	0.155159875872099	48.756	1.542	3135.42
0.0173699861040111	0.310679751456199	112.297	2.302	6423.19
0.0274299780560176	0.491039607168314	171.458	3.332	10647.48
0.0376999698400241	0.67121946302443	255.534	4.043	15792.25
0.063999948800041	1.13561909150473	418.542	6.416	25181.6
0.092249926200059	1.62287870169704	591.083	8.83	38719.33
0.14037988769609	2.44313804548956	938.026	12.564	55959.64
0.170329863736109	2.89799768160185	1085.432	15.328	71307.27
0.316759746592203	5.29199576640339	1951.609	29.007	118217.81
0.455219635824291	7.28801416958866	2644.854	39.896	174839.93
0.708629433096454	10.7895513683589	3797.553	63.702	286089.33
1.06304914956068	15.0029879976096	5090.379	89.728	397468.58
1.558858752913	19.5661643470685	6575.599	128.729	546339.65
2.36505810795351	25.5857195314244	7885.571	187.4	798173.31
3.05735755411396	25.3817796945762	7328.425	228.038	990043.29
4.87245610203512	31.3734349012521	8963.714	350.813	1382577.3
8.06660354671716	42.4617860305712	11996.565	575.28	1931812.48
11.1031811174551	38.5176291858967	10628.675	738.705	2116533.43
18.1923454461236	54.4211564630748	15572.548	1254.131	2430556.5
27.2120282303774	62.46985002412	17747.499	1840.32	2822204.52
36.2360310111752	64.1629286696571	18437.716	2394.371	3216804.69
47.2589321928542	83.0076535938771	24162.173	3160.514	3682916.65
56.4049748760201	85.1116719106625	24536.652	3765.137	4087063.59
66.3596469122825	94.4399844480124	28149.333	4815.092	4522207.59
75.6641694686644	99.0571607542714	29490.191	7224.019	4912744.82
83.9802128158297	99.97390002088	31533.8	8479.97	5282519.1
90.59213752629	99.999820000144	31131.708	9644.714	5557306.01
