0.000719999424000461	0.0129599896320083	5.604	1.057	285.79
0.0021899982480014	0.039059968752025	13.014	1.165	808.29
0.00285999771200183	0.0511199591040327	17.076	1.215	1218.26
0.00366999706400235	0.0658799472960422	21.863	1.324	1575.96
0.00399999680000256	0.071819942544046	26.025	1.378	1672.42
0.00920999263200589	0.164879868096106	55.606	1.755	3465
0.0129799896160083	0.232559813952149	95.92	2.135	4956.15
0.01556998754401	0.279179776656179	107.575	2.306	6969.82
0.0273699781040175	0.489599608320313	162.227	3.415	11913.56
0.0416499666800267	0.741599406720475	281.008	4.589	18637.98
0.0557799553760357	0.986579210736631	332.529	5.83	21206.38
0.0931699254640596	1.63799868960105	628.101	9.242	37549.63
0.131579894736084	2.28869816904146	765.284	12.152	58741.3
0.201759838592129	3.45239723808221	1196.136	18.292	79616.43
0.287449770040184	4.77665617867506	1646.771	27.305	111829.56
0.438479649216281	7.01153439077249	2332.139	36.956	171928.82
0.706499434800452	10.7672313862149	3820.838	61.346	264431.28
1.05904915276068	14.9362080510336	5080.837	90.881	404827.26
1.2449990040008	15.1842478526017	5485.151	105.638	426188.04
2.38156809474552	25.8557193154245	8471.466	191.292	803310.06
3.09383752492998	25.7284594172325	7671.383	233.141	988551.43
5.14253588597129	34.0019727984218	9446.931	381.382	1428435.11
8.06785354571716	42.4320860543312	11812.721	582.967	1932884.34
11.9501904398476	45.306683754653	12273.567	825.383	2155576.65
15.7228974216821	39.7126482298814	11222.282	1017.498	2306789.65
27.2792781765775	63.4782092174326	17992.542	1888.927	2823257.1
35.927471258023	62.7427298058162	18454.036	2381.918	3200255.6
46.89726248219	78.7290570167544	24793.383	3151.308	3679834.85
57.0664743468205	90.3014277588578	26062.796	3889.152	4114840.74
66.3195669443464	94.2443246045403	27632.337	4734.024	4522589.18
75.2550397959682	98.2990013607989	29427.743	7641.019	4897617.2
83.9235228611817	99.96760002592	31544.075	8699.515	5268435.53
90.59438752449	99.999820000144	29936.378	9818.033	5557578.45
