0.000799999360000512	0.0143999884800092	5.689	0.897	350.09
0.00134999892000086	0.0242999805600156	9.074	0.968	494.79
0.00259999792000166	0.04679996256003	16.523	1.051	1097.68
0.00259999792000166	0.04679996256003	16.288	1.094	1117.78
0.00600999519200385	0.107999913600069	60.283	1.402	2383.83
0.00818999344800524	0.147419882064094	88.412	1.568	3629.79
0.00991999206400635	0.177659857872114	68.87	1.662	3629.79
0.018679985056012	0.334799732160214	101.834	2.41	7673.19
0.0224699820240144	0.401579678736257	140.786	2.748	9598.45
0.0326399738880209	0.57869953704037	198.138	3.592	11620.17
0.0346899722480222	0.616859506512395	200.916	3.815	15370.22
0.0887199290240568	1.558258753393	524.457	8.732	35178.1
0.139269888584089	2.42135806291355	937.074	12.858	55959.64
0.213129829496136	3.62915709667432	1375.176	18.83	82112.85
0.260219791824167	4.32665653867477	1581.838	23.106	113071.84
0.34348972520822	5.4701956238435	1955.825	29.959	121478.33
0.650869479304417	9.8427521257983	3673.193	54.181	250230.56
0.956909234472612	13.2859693712245	4597.757	78.986	345732.93
1.23881900894479	15.1295278963777	5105.611	102.756	420233.13
1.73509861192111	17.9436456450835	12256.142	134.909	563986.35
3.57855713715429	31.8320745343404	9493.814	274.525	1143605.05
5.38958568833145	37.5834299332561	10929.251	397.504	1502374.79
7.85217371826103	39.3481485214812	10903.153	546.681	1852480.16
11.6901306478955	42.5768059385552	11706.311	797.24	2136453.45
17.2898061681551	45.8070833543333	12574.747	1142.765	2384628.86
27.2059582352334	62.4009100792719	18454.329	1845.528	2821399.59
35.8007313594149	62.2048902360878	17963.803	2307.182	3192993.67
46.4393228485417	75.3430797255362	21781.689	3098.779	3655990.53
57.1572142742286	91.4276868578505	26696.865	3879.233	4118802.8
65.8296273362981	92.1079063136749	26798.07	4675.247	4503998.42
73.8491509206793	95.8025833579333	28512.345	5348.476	4839333.2
83.7798729761016	99.946720042624	29107.373	8486.594	5269986.92
90.596907522474	99.999820000144	31832.728	9592.637	5558551.37
