0.000799999360000512	0.0143999884800092	6.195	1.051	370.19
0.00211999830400136	0.0381599694720244	14.266	1.159	912.79
0.00277999777600178	0.050039959968032	16.978	1.261	1137.87
0.00355999715200228	0.0638999488800409	21.199	1.294	1515.67
0.00623999500800399	0.112139910288072	47.626	1.52	2375.79
0.00626999498400401	0.112859909712072	38.517	1.52	2584.8
0.0132699893840085	0.237599809920152	74.433	2.058	5157.12
0.0198999840800127	0.355859715312228	113.014	2.818	8456.95
0.0256999794400164	0.460979631216295	183.462	3.275	10145.07
0.0340099727920218	0.602459518032386	224.848	3.885	13718.25
0.0407899673680261	0.725219419824464	278.627	4.596	15261.68
0.092139926288059	1.61603870716903	555.146	9.523	37549.63
0.123789900968079	2.13911828870537	780.458	11.633	47184.64
0.206209835032132	3.52619717904226	1188.589	19.028	72175.57
0.316639746688203	5.28983576813139	1772.246	28.383	118217.81
0.470629623496301	7.58033393573285	2738.379	43.807	178531.11
0.710389431688455	10.872171302263	3974.886	63.984	261809.06
0.777329378136497	10.7053114357509	3687.192	66.724	264572.03
1.557368754105	19.5796643362685	6583.968	128.989	541654.44
2.3466381226895	25.3268797384962	8037.297	188.961	760221.13
3.57499714000229	31.7562945949643	10025.563	273.649	1117305.91
5.39099568720345	37.6322098942321	10639.045	404.752	1459909.73
8.06006355194916	42.2772861781711	11791.375	578.503	1927257.1
11.2547809961752	39.3852284918172	10527.081	754.542	2118914.97
17.7890957687234	49.3395805283356	13385.18	1206.752	2413680.53
27.2853281717375	63.6034891172087	19249.709	1877.488	2816372.55
37.0762703389837	70.5820835343332	20268.608	2498.638	3243625.72
45.8156533474773	72.3014421588463	20808.174	3045.675	3625538.48
56.4591848326521	85.4347716521827	25725.632	3741.993	4089419.88
64.037618769905	87.0441503646797	26127.816	4313.556	4401799.04
75.6463694829044	99.0222407822074	29355.319	7116.661	4911507.98
84.0981727214618	99.989920008064	33689.909	8633.792	5282762.28
90.591707526634	99.999820000144	30264.015	9958.193	5559427.51
