0.000799999360000512	0.0143999884800092	5.532	0.879	410.38
0.00106999914400068	0.0192599845920123	7.46	0.88	442.54
0.00261999790400168	0.0471599622720302	17.019	1.048	1157.97
0.00320999743200205	0.057779953776037	22.494	1.104	1475.47
0.00599999520000384	0.107999913600069	42.939	1.341	2415.99
0.00809999352000518	0.145079883936093	48.139	1.482	3183.65
0.00938999248800601	0.168659865072108	55.043	1.616	3135.42
0.017129986296011	0.306719754624196	108.611	2.125	6837.18
0.0173299861360111	0.310859751312199	148.658	2.253	8014.83
0.029639976288019	0.528299577360338	180.622	3.366	11045.39
0.0629999496000403	1.11761910590472	406.307	6.197	28417.28
0.0634299492560406	1.11347910921671	380.971	6.112	25953.34
0.0933099253520597	1.61585870731303	605.128	8.628	38811.79
0.117899905680075	2.02157838273729	701.596	10.711	45592.86
0.311519750784199	5.20649583480333	1846.035	29.075	118217.81
0.4695396243683	7.55783395373284	2809.854	40.931	202786
0.701999438400449	10.7234914212069	3844.993	58.889	279835.12
0.741329406936474	10.2385718091426	3481.223	61.559	270214.69
1.30732895413684	15.9546472362822	5258.999	106.21	500766.39
1.58808872952902	16.5101267918986	4954.78	129	560013.33
3.51149719080225	30.6725154619876	9556.267	284.017	1047584.66
5.38742569005945	37.6332898933681	11070.527	435.553	1460924.48
8.07680353855717	42.7402458078034	11996.932	636.819	1884135.04
11.1593910724871	38.8355089315929	10811.694	824.121	2116684.35
17.5947859241713	47.7937417650066	13018.22	1322.009	2403714.2
25.3705297035762	50.6179395056484	14591.519	1872.106	2736986.24
37.1783602573118	72.1259422992462	21103.153	2857.313	3252699.1
46.4174128660697	75.2057398354081	22710.76	3526.476	3655001.03
56.5800147359882	86.1976110419112	25850.215	4364.105	4096207.99
65.9860172111862	92.7281858174513	27994.337	5382.508	4512643.77
74.6659402672478	97.2226022219182	30890.778	6070.112	4872276.05
83.4114132708694	99.8695001043999	30098.927	9149.484	5251576.37
90.58788752969	99.999820000144	31901.915	10348.596	5557125.68
