0.000869999304000557	0.01565998747201	6.478	1.075	442.54
0.00104999916000067	0.018719985024012	6.882	1.174	410.38
0.00294999764000189	0.053099957520034	57.124	1.556	1157.97
0.00345999723200221	0.0622799501760399	25.245	1.582	1596.05
0.00539999568000346	0.0971999222400622	38.099	2.006	2424.02
0.00900999279200577	0.161819870544104	51.225	2.658	3746.35
0.012549989960008	0.224999820000144	74.685	3.24	4996.35
0.0176299858960113	0.315899747280202	156.166	3.846	7162.74
0.0261399790880167	0.4679996256003	148.98	4.731	10542.98
0.0369999704000237	0.65681947454442	234.051	5.725	15342.09
0.0424099660720271	0.758159393472485	275.97	6.545	16917.67
0.0819099344720524	1.43999884800092	577.934	9.853	32886.96
0.131799894560084	2.28887816889746	864.181	14.377	58741.3
0.1567398746081	2.67569785944171	1072.037	17.495	54898.45
0.303459757232194	5.02937597649922	1822.73	29.481	112275.82
0.4687296250163	7.57025394379685	2719.896	47.895	178068.69
0.679939456048435	10.3213717429026	3589.598	64.608	253592.68
1.06308914952868	14.9943480045216	5267.793	103.383	427266.37
1.45245883803293	17.9470656423475	6410.736	132.288	516325.68
1.73643861084911	17.9524656380275	5619.562	148.48	564002.43
3.5944471244423	32.1114343108526	9745.899	316.156	1099784.56
5.38685569051545	37.6066499146801	12125.262	464.238	1486765.28
8.08399353280517	42.7634657892274	12806.664	664.963	1885531.04
10.896071283143	37.4482500414	10701.982	851.059	2107783.17
15.8960372831702	40.2117878305697	12519.543	1232.168	2315443.39
26.9787884169693	59.333352533318	17742.028	2170.635	2809123.22
37.2866501706799	73.5763811388951	22324.239	3001.26	3250292.35
47.2617221906222	83.1271734982612	25474.341	3764.518	3699499.05
53.4850972119222	75.8575193139846	23565.021	4143.827	3958462.21
65.4679176256659	90.8806672954662	27645.85	5085.579	4477386.7
75.4178996656803	98.5969011224791	31072.199	5823.711	4904384.43
82.9799436160451	99.7440402047678	30522.426	6478.742	5233136.47
90.575807539354	99.999820000144	31838.362	7054.228	5556869.8
