0.00103999916800067	0.018719985024012	6.831	0.908	402.34
0.00182999853600117	0.0329399736480211	21.185	0.999	800.25
0.0023399981280015	0.0419399664480268	14.061	1.018	981.12
0.00289999768000186	0.0521999582400334	20.766	1.128	1270.51
0.00637999489600408	0.114839908128074	38.148	1.333	2564.7
0.00850999319200545	0.153179877456098	51.769	1.52	3465
0.00854999316000547	0.153539877168098	52.958	1.49	3613.71
0.0174199860640111	0.311399750880199	114.652	2.317	7162.74
0.0277899777680178	0.496259602992318	164.956	3.271	11085.58
0.0396099683120254	0.705059435952451	225.741	4.146	16077.63
0.0489999608000314	0.867959305632556	326.675	5.052	17492.46
0.0806099355120516	1.41965886427291	574.464	7.641	32886.96
0.116989906408075	2.0275183779853	743.619	11.726	50179.31
0.14127988697609	2.40533807572954	825.029	12.844	57832.85
0.264259788592169	4.3804764956188	1583.374	22.825	113071.84
0.414359668512265	6.27155498275601	2305.059	36.151	162166.3
0.463809628952297	7.45163403869277	2513.393	39.983	181747.86
1.05730915415268	14.9592480326016	5367.037	91.847	376278.56
1.50708879432896	18.778304977356	6501.753	127.747	552916.79
2.3390781287375	25.1051199159041	7833.175	193.742	762928.08
2.85492771605783	23.5477611617911	8850.886	223.794	911847.07
5.38781568974745	37.6282498974001	11152.069	436.005	1464029.54
8.06606354714916	42.4238060609552	11903.434	626.466	1933282.21
11.9498704401036	45.298943760845	12476.632	917.504	2155409.01
18.0220755823395	51.8271785382572	14624.918	1371.56	2419374.38
27.2255682195454	62.6737898609681	18053.058	2073.789	2824527.56
37.0866703306637	70.6825234539812	20811.256	2837.07	3244229.53
44.9413440469248	69.3786044971164	20453.878	3332.057	3583337.98
57.0552843557725	90.1925278459777	26769.549	4393	4115566.18
65.3619677104258	90.5442475646019	27026.132	5024.551	4471797.89
74.4505504395596	96.88906248875	29396.583	6444.966	4861848.55
82.9159136672691	99.7269402184478	30909.142	9177.313	5233589.26
90.5361475710819	100.0	30611.947	10303.952	5560253.58
