0.000559999552000358	0.0100799919360065	5.784	1.091	253.63
0.00200999839200129	0.0361799710560232	18.469	1.471	812.31
0.00288999768800185	0.0520199583840333	23.88	1.614	1330.8
0.00320999743200205	0.057779953776037	29.68	1.8	1475.47
0.00592999525600379	0.106739914608068	54.954	2.27	2496.37
0.00758999392800486	0.136619890704087	66.455	2.57	3179.63
0.00971999222400622	0.173159861472111	106.414	2.892	3581.56
0.0197799841760127	0.354059716752227	204.048	4.141	7769.65
0.0433799652960278	0.773279381376495	350.995	6.535	18983.66
0.0634999492000406	1.12841909726472	605.836	8.209	27902.77
0.0773799380960495	1.36097891121687	708.801	9.784	32050.91
0.116739906608075	2.0244583804333	1005.066	12.333	49857.72
0.198149841480127	3.38165729467416	1782.041	19.196	87334.82
0.316399746880203	5.27615577907538	2698.965	31.525	130801.61
0.474179620656303	7.64243388605289	3934.357	42.198	205335.43
0.627689497848402	9.45359243712605	4799.588	54.712	228252.86
0.910889271288583	12.556249955	6183.136	76.949	351477.38
1.59275872579302	20.1608838712929	11697.194	131.084	591078.26
2.09999832000134	21.831282534974	9720.436	164.534	700816.25
3.50680719455424	30.6176155059076	18894.795	267.313	1043894.35
8.08147353482117	42.6522258782193	17841.167	588.919	1923976.75
12.1211503030798	47.8682617053906	22206.278	870.868	2165035.61
18.1912054470356	54.4420364463708	23263.444	1299.235	2426179.31
26.3549289160569	54.754516196387	23430.219	1837.311	2789048.18
43.6233851012919	66.1270870983303	29830.639	2939.401	3528009.78
54.3430965255228	77.7611977910418	34802.271	3665.789	3995979.43
65.1560978751217	89.9189280648576	42313.181	4419.744	4458984.7
75.7631993894405	99.2447206042235	45878.573	5221.236	4919432.34
84.0836027331178	99.989740008208	45274.902	5680.127	5276716.22
90.56833754533	99.999640000288	45955.643	6159.781	5556756.79
