0.00100999919200065	0.0181799854560116	12.916	0.913	434.5
0.00166999866400107	0.0298799760960191	13.903	0.952	691.73
0.00190999847200122	0.034379972496022	17.238	0.993	880.64
0.00291999766400187	0.0525599579520336	37.001	1.082	1218.26
0.0060899951280039	0.10961991230407	49.069	1.395	2677.24
0.00880999295200564	0.158399873280101	70.299	1.529	3629.79
0.0125799899360081	0.226259818992145	105.558	1.875	5237.5
0.0175099859920112	0.313739749008201	144.971	2.195	6604.06
0.0183999852800118	0.32885973691221	242.407	2.352	7769.65
0.0414899668080266	0.738719409024473	369.606	4.154	18637.98
0.0622899501680399	1.10249911800071	517.418	5.634	25237.86
0.0852099318320545	1.49597880321696	723.954	7.556	33863.69
0.14130988695209	2.45771803382557	1204.051	12.088	59778.4
0.211799830560136	3.61655710675431	1765.391	17.697	81260.6
0.260589791528167	4.32719653824277	2174.094	20.864	113071.84
0.464139628688297	7.45253403797277	3996.255	36.381	173593.45
0.583099533520373	8.19107344714124	3989.889	44.089	221263.68
0.703909436872451	10.7459914032069	5191.16	55.657	273375.89
1.560158751873	19.5004643996285	9071.123	118.516	542141.45
2.38285809371353	25.9086392730886	11890.404	174.215	821569.43
2.74507780393776	22.6979818416145	9699.963	188.764	847268.64
4.39122648701881	27.5923579261137	11340.529	291.843	1271769.19
7.02276438178849	32.826033739173	13614.276	457.613	1761950.22
12.1309202952638	48.0358415713267	20156.094	823.51	2157698.26
18.0672055462356	52.4650980279216	22332.178	1193.86	2425692.76
27.2930581655535	63.6504690796247	26968.724	1799.568	2819730.96
37.2223002221598	72.6519018784785	31622.034	2487.041	3260631.61
47.2519221984622	83.0045935963251	35954.634	3130.937	3697201.37
55.1709758632193	80.0518759584992	34774.262	3557.836	4031190.44
66.4798468161225	95.0753839396928	41163.973	5745.296	4524706.49
75.4004996796003	98.5816011347191	43649.109	11697.348	4902812.08
83.9136628690697	99.966160027072	44994.571	17053.886	5268091.76
90.592767525786	99.999820000144	48636.153	20466.542	5559310.06
