0.000959999232000614	0.0172799861760111	8.683	1.107	422.44
0.00191999846400123	0.0345599723520221	16.396	1.317	848.48
0.00195999843200125	0.0352799717760226	42.261	1.351	840.45
0.00419999664000269	0.0755999395200484	35.947	1.763	1395.11
0.00533999572800342	0.0961199231040615	43.972	1.953	2311.48
0.00648999480800415	0.116819906544075	96.018	2.271	2504.41
0.0128999896800083	0.231659814672148	112.901	3.346	5237.5
0.0178299857360114	0.319859744112205	169.643	3.768	8014.83
0.0188499849200121	0.335699731440215	185.422	3.943	7769.65
0.0335099731920214	0.597059522352382	293.08	5.394	14381.46
0.0533599573120341	0.940679247456602	478.842	6.995	22850.33
0.0635899491280407	1.12805909755272	518.582	8.41	24847.99
0.10892991285607	1.88567849145721	904.654	11.883	38956.48
0.115929907256074	1.98773840980927	1049.755	12.154	45592.86
0.315209747832202	5.26409578872337	2653.251	28.216	120617.94
0.384469692424246	5.84153532677174	3701.017	32.46	150027.83
0.458449633240293	7.3371541302767	3837.987	40.286	174297.1
0.569259544592364	7.99847360122112	3901.875	46.225	221263.68
1.02564917948066	12.5996299202961	6490.562	81.479	381066.01
2.07058834352933	17.8199857440114	7779.46	150.178	702813.79
2.39169808664153	26.0065591947526	12076.795	193.169	861017.9
4.30559655552276	27.0492983605613	11335.761	301.537	1245536.24
7.95525363579709	40.661607470714	17282.305	581.415	1864468.2
12.0850803319357	47.2429422056462	20418.623	848.808	2165232.68
18.1896954482436	54.4990964007229	36393.479	1267.038	2417642.8
27.2711881830495	63.4110692711446	27938.119	1897.154	2824187.89
37.2576201939038	73.1002815197748	37094.587	2571.653	3262732.26
47.2177622257902	82.3177141458287	37137.97	3249.367	3678413.46
57.0711843430525	90.3570477143618	40551.869	3913.709	4120744.08
64.8872880901695	89.079588736329	40758.712	4317.033	4456376.72
73.6222211022231	95.4087436730051	44017.601	4929.349	4830670.88
83.9019428784457	99.964360028512	47191.407	5615.621	5267718.67
90.5293975764819	99.999460000432	47201.435	6015.153	5555880.48
