0.000529999576000339	0.00953999236800611	9.522	1.164	225.5
0.00191999846400123	0.034379972496022	15.459	1.464	812.31
0.00195999843200125	0.0352799717760226	17.986	1.448	739.96
0.00378999696800243	0.0680399455680435	54.826	1.904	1543.8
0.00847999321600543	0.152279878176097	168.236	2.785	3746.35
0.0134099892720086	0.241199807040154	110.147	3.346	5157.12
0.0279099776720179	0.498959600832319	273.87	5.284	11230.3
0.0326199739040209	0.57743953804837	275.593	5.515	13718.25
0.0407399674080261	0.723959420832463	346.216	6.495	16081.65
0.0940099247920602	1.65347867721706	889.182	10.707	36842.18
0.138379889296089	2.41181807054554	1187.666	14.165	63102.77
0.208069833544133	3.56255714995428	1802.347	19.738	85984.1
0.25052979957616	4.15961667230666	2357.111	23.057	97003.1
0.705569435544452	10.7530113975909	5441.619	60.522	283555.44
0.754479396416483	10.4020116783907	6019.844	63.495	266687.54
1.52966877626498	19.0976247219002	9589.731	124.916	531358.48
2.32566813946549	24.8219801424159	11320.366	182.366	767733.75
3.50298719761024	30.5675755459396	13579.541	268.791	1045749.58
5.38829568936345	37.6806298554961	16062.023	407.269	1481346.86
8.02410358071714	41.8316065347148	17713.178	590.607	1922909.02
11.0408311673351	38.1639294688564	16093.085	749.901	2116365.82
18.0825855339316	52.7961177631058	22636.299	1280.494	2426715.88
27.2878181697455	63.6664890668087	27810.723	1917.007	2816343.17
35.5960715231428	61.4119908704073	27589.95	2421.699	3179547.43
46.0115631907494	73.1375414899668	32582.948	3102.557	3635471.03
57.1242343006126	90.9771472182822	42303.9	3966.903	4123779.76
66.1823070541544	93.6294450964439	43910.947	4517.556	4506509.82
75.7627493898005	99.2254606196315	44455.946	5129.63	4926241.29
84.0934227252618	99.986860010512	44876.928	5701.418	5283470.86
90.59543752365	99.999820000144	46380.282	6079.904	5557968.38
