0.000829999336000531	0.0149399880480096	8.252	1.2	350.09
0.00180999855200116	0.0325799739360208	16.076	1.426	735.95
0.00290999767200186	0.0523799580960335	23.295	1.654	1214.24
0.00310999751200199	0.0557999553600357	43.195	1.759	1121.8
0.00509999592000326	0.0916199267040586	43.552	2.1	1969.85
0.00525999579200337	0.0946799242560606	45.634	2.107	2034.15
0.0114399908480073	0.205019835984131	105.634	3.187	4397.49
0.0181999854400116	0.325979739216209	219.59	4.136	7649.07
0.0184799852160118	0.330659735472212	204.899	4.301	7769.65
0.03125997499202	0.556199555040356	290.156	5.631	11045.39
0.0636399490880407	1.12643909884872	552.758	8.166	26909.97
0.0933599253120597	1.64537868369705	836.238	10.904	36842.18
0.137209890232088	2.39417808465753	1240.475	14.54	55770.71
0.20305983755213	3.45149723880221	1976.274	19.396	75600.51
0.275599779520176	4.40135647891482	2205.566	24.662	107688.72
0.3119697504242	5.21783582573134	2645.322	28.274	120617.94
0.632139494288405	9.5372923701661	5455.531	54.401	228252.86
1.06464914828068	15.0703079437536	7640.028	88.634	383741.4
1.54536876370499	19.3024645580284	9228.475	129.146	538873.11
2.1932682453854	23.0488015609588	10656.795	172.106	747536.71
3.01025759179393	24.9128800696959	10773.121	223.901	990236.84
5.38707569033945	37.6732498614001	16806.424	403.935	1482523.53
7.59524392380486	36.7629905896075	15137.686	531.278	1827770.61
12.1060803151357	47.6067219146225	20746.618	870.628	2171320.66
17.0394163684669	44.4893044085565	18806.267	1198.579	2374742.16
27.1159283072574	60.934091252727	27935.511	1888.524	2814393.59
36.015581187535	63.1264894988084	28214.918	2458.284	3205387.57
45.8420233263813	72.3999020800783	37827.013	3116.862	3626737.52
56.6388446889243	86.5592307526154	39771.958	3906.585	4086941.9
66.1911670470664	93.67552505958	41972.224	4551.694	4506824.21
75.2694697844242	98.3261813390549	44340.696	5046.759	4898157.88
83.4011232791014	99.8691401046879	45124.707	5685.547	5248490.53
90.588767528986	100.0	45998.393	6057.213	5559607.9
