0.000949999240000608	0.0170999863200109	10.429	1.056	402.34
0.00219999824000141	0.0394199684640252	17.99	1.389	816.33
0.00313999748800201	0.0565199547840362	26.568	1.498	1379.03
0.00581999534400372	0.104399916480067	46.035	2.074	2383.83
0.00691999446400443	0.124019900784079	61.12	2.282	2367.75
0.00903999276800579	0.162719869824104	76.026	2.746	3621.75
0.017149986280011	0.306899754480196	174.665	3.782	6893.45
0.023499981200015	0.419759664192269	231.609	4.576	10261.63
0.0350599719520224	0.6245995003204	316.062	5.584	15370.22
0.0496999602400318	0.878399297280562	439.594	6.759	17492.46
0.064139948688041	1.12445910043272	572.681	7.98	25953.34
0.129809896152083	2.25071819942544	1095.496	13.395	52558.94
0.172929861656111	2.88701769038585	1373.587	16.729	67938.63
0.415969667224266	6.29603496317203	3271.384	35.532	163276.04
0.4683296253363	7.53011397590882	3727.872	41.296	183746.26
1.01680918655265	14.2360086111931	6999.68	84.142	362890.13
1.44753884196893	17.8498657201074	8839.34	117.462	508763.26
1.92423846060923	19.8520041183967	8893.081	147.977	671104.61
2.73780780975375	22.6339018928785	13810.104	212.354	843565.51
5.38295569363545	37.489470008424	16221.397	400.252	1510232.77
8.04256356594915	42.0351863718509	17956.595	576.982	1929136.9
11.3895608883513	40.2387878089698	17128.292	788.543	2123376.22
18.1301054959156	53.5391571686743	22726.023	1266.214	2428070.18
23.7764509788392	46.4694828244137	20258.602	1594.068	2662794.92
37.2575301939758	73.1681414654868	32557.396	2556.221	3263541.5
47.1307622953902	81.22547501962	35353.552	3260.144	3681667.25
56.0667851465719	83.3357933313653	36782.54	3791.94	4074480.94
66.0510771591383	93.0412055670355	48090.389	4536.143	4501516.31
74.3108205513436	96.6428226857418	43482.725	5046.082	4856414.56
83.2501033999173	99.8277401378079	44337.791	5570.103	5242888.95
90.5291175767059	99.999460000432	45741.343	5953.683	5555842.71
