0.000949999240000608	0.0169199864640108	6.99	0.882	374.21
0.00142999885600092	0.0257399794080165	23.856	0.968	691.73
0.00242999805600156	0.043739965008028	15.251	1.026	840.45
0.00380999695200244	0.0685799451360439	24.626	1.127	1724.67
0.00557999553600357	0.100439919648064	35.733	1.323	2311.48
0.00876999298400561	0.157499874000101	64.475	1.662	3870.95
0.0118099905520076	0.212219830224136	72.532	1.836	4719.02
0.0130599895520084	0.23381981294415	93.494	1.922	5277.7
0.0278299777360178	0.497879601696319	156.804	3.224	11290.59
0.0320999743200205	0.570059543952365	180.166	3.509	11680.46
0.042159966272027	0.743939404848476	274.45	4.382	17428.13
0.0846899322480542	1.48571881142495	506.331	8.266	33863.69
0.105169915864067	1.82465854027317	631.874	9.791	38096.3
0.199629840296128	3.42071726342619	1293.814	17.496	87334.82
0.300129759896192	5.0039959968032	2185.426	25.96	118189.67
0.455179635856291	7.28693417045266	2731.234	40.436	174803.73
0.526589578728337	7.91171367062906	2738.752	44.042	181767.95
1.05910915271268	15.0141479886816	5135.459	89.713	391397.5
1.59556872354502	20.1961638430689	6755.272	132.712	613389.7
2.29740816207347	24.4288604569116	10002.904	189.359	750376.45
2.55124795900163	21.1973230421416	6063.11	196.939	803672.62
5.18509585192332	34.5385523691581	9563.414	414.229	1428168.3
8.08676353058918	42.7305258155793	12270.324	629.86	1917168.83
10.6676814658548	36.4236908610473	9861.971	774.601	2094882.07
18.1852354518116	54.3142365486108	15592.591	1411.521	2430506.1
27.0431783654573	59.9806320154944	17043.673	2039.331	2808754.09
37.2549201960638	73.1470814823348	22275.401	2838.878	3263365.45
46.4710428231657	75.5311795750563	22079.749	3554.926	3657382.48
57.0279443776445	89.8795080963935	26436.774	4391.137	4114488.33
66.3219169424664	94.2554845956123	27851.903	5324.582	4522564.04
75.7209194232645	99.1720006623995	29736.061	7821.023	4916996.2
82.9806736154611	99.7445802043358	32401.544	9166.131	5233169.94
90.584117532706	99.999820000144	31527.457	10561.196	5557054.41
