0.000809999352000518	0.0145799883360093	3.285	1.088	410.38
0.00181999854400116	0.032759973792021	5.042	1.385	683.69
0.00247999801600159	0.0446399642880286	6.381	1.397	1105.72
0.00260999791200167	0.0469799624160301	6.635	1.473	1057.49
0.00601999518400385	0.107999913600069	30.093	1.982	2090.42
0.00720999423200461	0.128879896896082	14.656	2.369	2842.03
0.0111399910880071	0.199439840448128	33.653	2.892	4646.67
0.0267099786320171	0.477719617824306	67.94	5.083	11608.11
0.0382799693760245	0.681839454528436	76.311	5.367	16182.12
0.06252994997604	1.10879911296071	133.364	7.606	25181.6
0.0933699253040598	1.64339868528105	197.209	9.982	36974.84
0.128499897200082	2.23397821281743	264.656	14.087	52558.94
0.175489859608112	2.99267760585792	396.863	18.08	76139.19
0.292929765656188	4.89599608320313	595.002	29.398	128176.28
0.381819694544244	6.07391514086789	733.658	34.319	157080.1
0.649799480160416	9.82619213904629	1144.002	55.185	244399.21
1.06546914762468	15.0926279258977	1883.967	89.819	382333.31
1.558528753177	19.5667043466365	2224.89	126.482	548062.41
3.57698713841029	31.7910345671723	3112.673	272.752	1135212.16
4.88059609552312	31.4349948520041	2848.979	357.131	1383054.11
6.19536504370797	28.8098769520984	2616.137	420.685	1601408.37
10.5959615232308	36.1344310924551	3393.857	717.169	2091255.25
17.250766199387	45.5950435239652	4399.296	1170.496	2382532.23
27.2310082151934	62.7461498030802	6655.163	1913.612	2823617.59
37.2804601756319	73.484581212335	8090.697	2586.168	3259348.87
47.2738021809583	83.2025934379252	9348.329	3293.287	3695130.21
55.9331352534918	82.771133783093	9475.409	3731.903	4067428.7
63.3580493135605	85.5829115336708	11433.989	4308.552	4377091.1
84.0357727713818	99.980560015552	13845.031	5634.095	5285236.1
90.596667522666	99.999820000144	13834.269	5978.521	5558286.91
