0.000959999232000614	0.0172799861760111	8.028	1.078	402.34
0.00183999852800118	0.0331199735040212	11.57	1.28	848.48
0.00301999758400193	0.0541799566560347	43.229	1.711	1049.45
0.00403999676800259	0.0727199418240465	24.109	1.705	1668.4
0.0056299954960036	0.101159919072065	34.532	2.057	2415.99
0.00850999319200545	0.153179877456098	70.017	2.773	3465
0.0098399921280063	0.176759858592113	88.361	2.816	3629.79
0.0117299906160075	0.210239831808135	69.345	3.06	5000.37
0.0294499764400188	0.524519580384336	202.714	5.135	11913.56
0.0405399675680259	0.722879421696463	260.168	6.105	16861.4
0.0627699497840402	1.10897911281671	428.609	8.674	25181.6
0.09371992502406	1.64951868038506	676.644	12.052	36974.84
0.142099886320091	2.46401802878558	877.388	15.561	59320.16
0.183099853520117	3.11561750750599	1112.477	18.747	73144.36
0.26537978769617	4.3815564947548	1542.611	26.022	113071.84
0.399259680592256	6.33977492818006	2302.196	38.402	167505.91
0.627029498376401	9.44927244058205	3437.091	61.949	228252.86
0.983359213312629	13.6979890416088	4759.174	88.942	376330.87
1.43706885034492	17.7083858332913	5937.392	130.964	500331.75
2.25782819373745	23.9515008387993	7554.261	200.196	773514.45
3.18979744816204	26.7265586187531	8077.333	269.604	989990.86
5.29389576488339	36.1310110951911	10452.244	455.198	1433402.85
8.07447354042117	42.7618457905234	12553.378	666.09	1883911.86
11.7687705849835	43.3441453246837	12233.742	956.968	2142323.4
17.9251356598915	50.6519594784324	14448.027	1448.503	2416368.06
27.2559381952494	63.2181094255125	18698.027	2223.737	2823298.9
37.2831801734559	73.508701193039	21863.719	3021.039	3259239.75
46.0604531516375	73.3564213148629	22465.421	3648.037	3638670.15
57.1102143118285	90.7703273837381	27940.917	4527.631	4123083.72
63.8962288830169	86.6643506685195	28373.664	4902.768	4411518.03
75.9986592010726	99.6569202744638	33118.26	5871.69	4933767.35
84.0894527284378	99.990460007632	31216.218	6490.091	5277152.2
90.582817533746	99.999820000144	31637.451	7021.767	5557029.13
