0.000969999224000621	0.0174599860320112	6.69	0.89	410.38
0.00174999860000112	0.0314999748000202	12.43	0.992	731.93
0.00309999752000198	0.0556199555040356	18.79	1.086	1314.72
0.00310999751200199	0.0559799552160358	19.61	1.082	1194.14
0.00396999682400254	0.0714599428320457	36.374	1.154	1543.8
0.00710999431200455	0.127619897904082	40.71	1.51	3099.24
0.0130099895920083	0.232919813664149	86.621	1.972	5137.02
0.0186599850720119	0.334799732160214	115.081	2.391	7673.19
0.0279499776400179	0.49967960025632	222.718	3.363	11045.39
0.0411099671120263	0.731699414640468	292.339	4.248	15945
0.0561599550720359	0.992879205696635	349.499	5.478	23638.13
0.0941199247040602	1.65761867390506	545.625	9.534	36572.87
0.135969891224087	2.36105811115351	809.167	12.74	56088.28
0.189479848416121	3.22703741837007	1123.504	17.651	74844.78
0.311509750792199	5.19587584329933	1799.63	26.848	130801.61
0.444129644696284	7.11467430826055	2566.447	38.002	191567.11
0.586359530912375	8.83097293522165	3096.104	50.343	241334.76
1.07236914210469	15.1921678462657	5913.933	91.749	392073.4
1.46703882636894	18.1553254757396	6086.64	124.809	525296.97
2.39878808096954	26.1289590968327	8471.705	198.886	831154.98
3.39883728093018	29.1603366717307	8737.793	274.495	1064448
4.66412626869899	29.5689363448509	8341.17	356.896	1340934.46
7.86811370550904	39.4962884029693	10944.949	607.148	1849040.23
12.0784203372637	47.1657222674222	13138.674	926.354	2166008.45
15.7668873864901	39.8390081287935	11178.894	1136.967	2309129.17
27.0065283947773	59.6287322970142	16912.578	2063.134	2810292.93
37.1809402552478	72.1491622806702	20978.566	2832.842	3252786.95
43.788764968988	66.4998668001066	19490.268	3212.303	3534433.26
55.8755552995558	82.5295739763408	24913.437	4192.619	4064552.4
63.5224091820727	85.894491284407	25669.475	4743.257	4392705.05
74.3683605053116	96.7461426030859	29226.739	6404.951	4858397.91
84.0565127547898	99.986320010944	30469.183	9247.516	5274447.96
90.569867544106	100.0	30003.023	10389.116	5560148.7
