0.000589999528000378	0.0106199915040068	4.693	0.968	253.63
0.00173999860800111	0.03131997494402	11.291	1.332	659.58
0.0021799982560014	0.0392399686080251	14.197	1.317	880.64
0.00580999535200372	0.104579916336067	34.93	2.009	2432.06
0.00893999284800572	0.160559871552103	90.332	2.657	3870.95
0.0128299897360082	0.230219815824147	77.982	3.23	4996.35
0.0161999870400104	0.289259768592185	126.695	3.607	6969.82
0.0274299780560176	0.490679607456314	178.636	4.896	10735.91
0.0399699680240256	0.711899430480456	243.991	6.605	15261.68
0.0623799500960399	1.10681911454471	404.97	8.152	24080.27
0.0840099327920538	1.47743881804895	496.441	10.145	31568.56
0.126559898752081	2.1954582436334	835.634	14.614	47184.64
0.149629880296096	2.54897796081763	896.078	17.056	54898.45
0.231709814632148	3.83975692819446	1346.138	23.9	81726.92
0.419379664496268	6.33779492976406	2340.621	42.595	167019.38
0.466319626944298	7.5018539985168	2804.582	48.437	181554.85
0.776299378960497	10.6835314531748	3770.451	70.423	264322.68
1.53527877177698	19.1660246671803	6700.401	141.627	534993.02
2.39599808320153	26.1305790955367	8632.822	212.289	789821.8
2.62938789648968	21.800142559886	6423.177	220.714	804148.03
7.44177404658076	35.5341315726947	9768.023	598.098	1805508.09
12.0234003812797	46.3382629293897	13383.312	964.296	2162310.47
15.622627501898	39.4363484509212	11235.894	1183.605	2301708.01
24.5797003362397	48.3339213328629	14316.874	1903.136	2703808.71
35.5274515780387	61.1733110613511	18268.374	2793.074	3175384.06
46.930842455326	79.0292967765626	24244.255	3725.147	3680208.02
56.5168247865402	85.7301514158789	28479.338	4496.9	4078141.12
64.6049983160013	88.3950492839606	27953.143	5107.204	4427081.58
73.3647613081909	94.9925840059328	29678.145	5788.417	4821564.23
82.9022636781891	99.7229802216158	31073.316	6458.758	5233224.5
90.5421275662979	100.0	31409.22	7045.824	5560240.91
