0.000909999272000582	0.0163799868960105	3.38	0.887	358.13
0.00130999895200084	0.0235799811360151	4.931	0.929	494.79
0.00145999883200093	0.0262799789760168	4.307	0.957	659.58
0.00257999793600165	0.0464399628480297	6.471	1.023	981.12
0.00516999586400331	0.0925199259840592	12.693	1.25	2206.98
0.00892999285600572	0.160559871552103	20.879	1.392	3870.95
0.0099999920000064	0.179279856576115	19.861	1.568	3460.98
0.0122499902000078	0.21941982446414	27.319	1.587	5253.58
0.01557998753601	0.278099777520178	39.811	1.879	6109.69
0.0396399682880254	0.707219434224453	85.427	3.627	16077.63
0.0604699516240387	1.07279914176069	117.739	5.481	23975.77
0.0924099260720591	1.62611869910504	202.305	8.04	37674.25
0.139789888168089	2.43449805240156	309.821	11.334	59320.16
0.166559866752107	2.75849779320177	324.243	13.553	67938.63
0.179919856064115	3.07403754076997	365.359	14.45	73144.36
0.476959618432305	7.67969385624492	851.164	37.566	205335.43
0.566869546504363	8.50697319442144	1057.404	44.112	220455.38
0.85999931200055	10.7814513748389	1201.217	63.586	323842.08
0.924769260184592	12.7630697895442	1457.408	70.092	344284.75
2.38241809406552	25.8438393249285	2752.324	177.384	781535.06
3.5889771288183	31.9721144223085	3187.534	256.943	1154379.12
5.34227572617942	36.9323704541036	3437.282	371.649	1468416.26
7.16378426897259	33.6462930829655	3056.69	467.833	1788759.7
12.1304202956638	48.0149615880307	4393.509	827.381	2155480.3
18.1039855168116	53.175017459986	5159.69	1193.037	2422795.57
26.4758688193049	55.4763156189475	5675.237	1711.479	2790029.3
35.2912917669666	60.3836516930786	6882.43	2279.225	3164583.33
47.2493222005422	83.0211535830771	8857.152	3109.403	3697725.41
57.1481742814606	91.4924868060106	10016.135	3794.067	4123276.57
66.8015465587628	97.0507023594381	12322.087	6119.35	4532001.91
74.7048802360958	97.2926221659023	11224.831	6973.564	4873776.89
83.8020529583576	99.947980041616	12504.043	10992.72	5264096.14
90.578177537458	99.999820000144	12688.979	12444.618	5556928.71
