0.000899999280000576	0.0161999870400104	3.431	1.258	350.09
0.00193999844800124	0.0349199720640224	5.235	1.489	792.21
0.00267999785600172	0.0482399614080309	9.21	1.601	1093.66
0.00300999759200193	0.0539999568000346	8.289	1.648	1379.03
0.0042199966240027	0.0759599392320486	10.584	1.844	1969.85
0.00591999526400379	0.106559914752068	15.178	2.152	2311.48
0.0128899896880083	0.230939815248148	25.008	3.383	5277.7
0.0263799788960169	0.470879623296301	48.146	4.638	11254.41
0.0365099707920234	0.649259480592416	68.355	5.527	14759.27
0.0614399508480393	1.0929591256327	139.805	7.742	25237.86
0.0787899369680504	1.38095889523288	165.814	9.941	34245.56
0.121349902920078	2.10311831750535	288.899	12.527	49146.25
0.18768984984812	3.19409744472204	333.7	19.524	70242
0.256249795000164	4.25591659526672	501.572	23.649	105956.01
0.385219691824247	6.13871508902793	738.015	35.862	157080.1
0.708069433544453	10.8005313595749	1192.391	63.383	265356.31
0.947789241768607	13.1268494985204	1557.144	80.311	336645.77
1.59841872126502	20.289043768765	2313.733	130.756	557590.12
2.39453808436953	26.1170791063367	2684.998	189.375	790583.24
3.5925571259543	32.1081943134445	3073.91	277.566	1081207.91
5.35043571965142	37.0682703453837	3418.521	395.845	1475411.09
7.53709397032482	36.2553909956872	3329.899	530.831	1815665.52
12.1202403038078	47.9337816529747	4468.999	870.402	2162100.82
17.7554057956754	49.0344807724154	4719.797	1235.169	2411999.26
27.2828281737375	63.5820691343447	6322.268	1907.146	2817676.38
37.2552401958078	73.0776015379188	7665.761	2622.494	3262510.27
43.764294988564	66.4478468417225	7834.535	2937.857	3533477.38
56.326334938932	84.6794922564062	9722.703	3878.907	4084845.59
66.2949669640264	94.1464046828763	11524.531	4536.047	4510958.31
76.0112891909687	99.6821202543038	12276.569	5154.607	4934782.17
83.4572832341734	99.8812000950399	12594.381	5666.544	5253173.75
90.586897530482	100.0	13120.752	6188.099	5559784.01
