0.00085999931200055	0.0154799876160099	7.16	0.881	285.79
0.00147999881600095	0.0266399786880171	9.393	0.99	659.58
0.00184999852000118	0.0332999733600213	12.479	1.003	776.14
0.00386999690400248	0.0694799444160445	51.27	1.187	1395.11
0.00586999530400376	0.105479915616068	34.29	1.323	2182.87
0.00663999468800425	0.118979904816076	40.878	1.36	2512.45
0.0128499897200082	0.230759815392148	78.655	1.878	5253.58
0.017239986208011	0.309239752608198	134.135	2.268	6921.58
0.0274899780080176	0.491399606880314	178.658	3.183	12006.02
0.042149966280027	0.751679398656481	280.977	4.42	16539.85
0.0617999505600395	1.0927791257767	357.391	6.06	21801.26
0.0943299245360604	1.66103867116906	625.978	9.454	36572.87
0.115029907976074	1.99313840548928	744.329	10.614	47904.17
0.180199855840115	3.07475754019397	1119.606	16.256	73144.36
0.315599747520202	5.26139579088337	2106.208	29.172	123773.94
0.470459623632301	7.56377394898084	2744.683	42.013	202460.28
0.70321943742445	10.7411314070949	3852.025	58.74	260397.43
0.933249253400597	11.6006307194954	3880.175	77.418	345113.42
1.06206915034468	15.0258479793216	5415.857	91.667	391771.67
2.38043809564952	25.8252993397605	8013.736	194.623	802939.39
3.06877754497796	25.4789796168163	7335.196	242.441	989611.87
4.76295618963505	30.3913556869154	8420.375	366.868	1355179.16
7.9729036216771	41.0633671493063	11437.949	627.643	1873211.68
11.6063907148874	41.8848864920908	11619.803	882.982	2131937.83
18.1308454953236	53.5227771817783	16507.001	1378.205	2428158.21
27.1581682734654	61.5948707241034	17343.283	2087.395	2817781.14
37.2717301826159	73.386121291103	22298.852	2894.144	3261558.35
46.7653925876859	77.5518579585136	22558.448	3546.962	3671679.92
57.0399343680525	90.0209879832096	28324.644	4401.724	4117368.87
65.9285072571942	92.5523259581392	27470.809	5421.299	4496551.99
75.9348492521206	99.5329003736797	29747.785	8524.788	4930954.12
84.0825727339418	99.989740008208	30290.175	9369.854	5276603.1
90.5300975759219	99.999820000144	30921.643	10469.634	5560270.24
