0.000699999440000448	0.0125999899200081	5.728	0.857	285.79
0.00176999858400113	0.0318599745120204	11.844	0.996	840.45
0.00177999857600114	0.0320399743680205	11.054	0.954	711.83
0.00286999770400184	0.0514799588160329	18.713	1.059	1117.78
0.00603999516800387	0.108359913312069	34.723	1.305	2383.83
0.00895999283200574	0.161099871120103	53.227	1.559	3561.46
0.0119199904640076	0.213479829216137	80.562	1.806	5486.7
0.0178599857120114	0.320399743680205	121.836	2.321	6893.45
0.028109977512018	0.501659598672321	174.057	3.225	11254.41
0.0342099726320219	0.608039513568389	211.305	3.766	14381.46
0.0598599521120383	1.06271914982468	363.426	5.931	22842.29
0.0842599325920539	1.47833881732895	582.441	8.239	33863.69
0.114849908120074	1.99259840592128	795.073	10.519	47904.17
0.168159865472108	2.86991770406584	997.175	15.136	69249.1
0.205389835688131	3.41261726990618	1209.835	18.284	86056.47
0.461259630992295	7.41275406979674	2563.724	40.356	182942.07
0.679099456720435	10.3082317534146	3668.659	57.901	251328.46
1.05913915268868	14.9273880580896	5264.263	91.614	394539.64
1.58605873115301	20.0536039571168	6805.66	135.744	550409.07
2.16508826792939	22.6591018727185	7045.864	176.463	721195.05
3.33909732872214	28.4192772645782	8343.426	269.533	1056268.24
5.36785570571544	37.3028101577519	10828.301	433.13	1517690.82
7.9671036263171	40.8876872898502	11487.499	625.042	1871255.96
11.8865704907436	44.5427643657885	12354.542	896.799	2145769.78
18.1828154537476	54.1576366738907	16290.902	1397.686	2430355.19
27.2826581738735	63.5246491802807	18242.377	2090.973	2821764.44
37.2203702237038	72.6241819006545	20955.342	2869.625	3260397.02
47.2277122178302	82.6850938519249	24156.754	3705.863	3697645.88
57.1709442632446	91.6031867174506	28650.829	4800.271	4120509.2
65.5389275688579	91.1206071035143	28392.998	5266.47	4479659.31
74.7040902367278	97.2910021671983	29484.007	6134.88	4873747.63
82.876983698413	99.7033602373118	30214.466	9020.876	5228591.45
90.561607550714	100.0	35435.974	10358.585	5560177.96
