0.00199999840000128	0.0179999856000115	10.687	1.182	808.4
0.00299999760000192	0.0199799840160128	8.668	1.127	1234.5
0.00399999680000256	0.0199799840160128	8.35	1.17	1797.26
0.0049999960000032	0.0219599824320141	8.523	1.23	1861.58
0.00699999440000448	0.0239399808480153	9.279	1.261	2548.97
0.0099999920000064	0.0259199792640166	12.36	1.357	4414.15
0.013999988800009	0.0320399743680205	38.788	1.501	5676.38
0.0199999840000128	0.035999971200023	16.886	1.63	8080.24
0.0289999768000186	0.0460799631360295	17.483	1.869	12051.88
0.0429999656000275	0.0601199519040385	20.354	2.259	16723
0.0629999496000403	0.0799199360640512	21.559	2.75	22752.93
0.0949999240000608	0.111959910432072	34.47	3.761	38073.34
0.141999886400091	0.158039873568101	33.64	5.036	56755.25
0.211999830400136	0.230039815968147	39.239	7.153	82823.63
0.316999746400203	0.333899732880214	59.934	10.239	132488.2
0.474999620000304	0.491939606448315	68.56	15.271	166044.9
0.711999430400456	0.730079415936467	82.674	22.241	270106.74
1.06599914720068	1.08395913283269	132.341	33.171	427582.16
1.59999872000102	1.61585870731303	155.614	51.64	579535.11
2.39899808080154	2.41595806723355	196.289	74.6	808838.81
3.5979971216023	3.61385710891431	301.834	114.023	1070825.1
5.39599568320345	5.41205567035546	398.273	166.937	1484701.4
8.09299352560518	8.10989351208519	615.035	253.458	1889368.18
12.1379902896078	12.1561102751118	864.408	373.523	2167021.07
18.2079854336117	18.2240854207317	1252.463	554.056	2427989.6
27.3109781512175	27.3281181375055	1857.725	833.492	2812609.49
37.3109701512239	37.3280101375919	2532.217	1132.158	3252922.84
47.3109621512303	47.3279021376783	3184.681	1436.078	3690787.41
57.3109541512367	57.3279741376207	3777.504	1727.654	4114869.02
67.3099461520431	67.3260661391471	4488.448	2019.946	4556687.7
77.3109381512495	77.3279381376495	5082.298	2328.44	4982626.65
87.3109301512559	87.3278301377359	15723.334	2640.241	5409442.29
97.3109221512623	97.3279021376783	6415.099	2933.849	5847843.66
