0.00099999920000064	0.0179999856000115	8.135	0.875	824.48
0.00199999840000128	0.0179999856000115	7.197	0.921	1218.42
0.00299999760000192	0.0199799840160128	7.45	0.966	1600.29
0.00399999680000256	0.0199799840160128	7.496	0.963	2255.52
0.00699999440000448	0.0241199807040154	9.885	1.015	3087.61
0.0099999920000064	0.0259199792640166	9.826	1.057	4225.22
0.013999988800009	0.0318599745120204	12.471	1.169	5049.29
0.0199999840000128	0.0379799696160243	24.048	1.304	7931.51
0.0289999768000186	0.0458999632800294	16.057	1.496	11653.91
0.0419999664000269	0.0579599536320371	19.007	1.74	17426.49
0.063999948800041	0.0799199360640512	21.424	2.229	25888.54
0.0949999240000608	0.111959910432072	26.301	2.914	38318.59
0.141999886400091	0.158039873568101	29.43	4.016	54540.08
0.211999830400136	0.230039815968147	36.801	5.551	74493.16
0.316999746400203	0.333899732880214	48.945	8.371	131989.58
0.474999620000304	0.492119606304315	65.259	13.42	194484.8
0.711999430400456	0.730079415936467	76.522	19.478	240301.83
1.06699914640068	1.08395913283269	111.693	31.745	359817.45
1.59999872000102	1.61801870558504	154.733	48.136	598293.4
2.39799808160153	2.41415806867355	190.253	72.177	795807.84
3.5979971216023	3.61403710877031	283.557	109.661	1098251.24
5.39599568320345	5.41205567035546	405.164	163.533	1461578.87
8.09299352560518	8.10989351208519	568.556	242.623	1893362.02
12.1379902896078	12.1539502768398	847.172	362.549	2153221.28
18.2079854336117	18.2260654191477	1272.898	543.782	2421507.1
27.3109781512175	27.3279381376495	1818.577	830	2814911.51
37.3109701512239	37.3280101375919	2444.879	1113.122	3248666.86
47.3109621512303	47.3280821375343	3056.829	1418.1	3688971.67
57.3109541512367	57.3279741376207	6171.006	1708.184	4120890.34
67.3109461512431	67.3278661377071	4383.462	2011.134	4556142.47
77.3109381512495	77.3279381376495	5065.464	2327.453	4998933.9
87.3109301512559	87.3280101375919	5647.482	2636.109	5410448.77
97.3109221512623	97.3279021376783	6663.198	4565.505	5847411.59
