0.000959999232000614	0.0172799861760111	38.774	1.153	160.99
0.00118999904800076	0.0214199828640137	8.263	1.128	182.59
0.0026599978720017	0.0478799616960306	20.166	1.445	442.19
0.003129997496002	0.0563399549280361	19.621	1.487	542.02
0.00409999672000262	0.0737999409600472	25.291	1.75	668.05
0.00728999416800467	0.131219895024084	43.844	2.355	1189.98
0.00833999332800534	0.149759880192096	47.767	2.569	1438.03
0.0115899907280074	0.208079833536133	68.914	3.04	2055.5
0.0158099873520101	0.283499773200181	111.472	3.813	2632.49
0.0360299711760231	0.644759484192413	209.507	5.9	6644.73
0.0533399573280341	0.955619235504612	347.061	7.495	9056.6
0.0650699479440416	1.16099907120074	466.323	8.534	11294.85
0.0727099418320465	1.29005896795283	479.811	9.536	12261.9
0.136419890864087	2.40497807601754	983.601	15.669	22963.24
0.251379798896161	4.31135655091476	1540.57	26.141	40318.51
0.253109797512162	4.40315647747482	1585.931	25.839	41359.19
0.623299501360399	10.4315316547747	3878.15	62.452	104232.02
0.933429253256597	15.0838079329537	5465.595	87.842	150685.88
1.4080688735449	21.6111427110858	8266.172	130.808	208442.88
1.59828872136902	22.6612618709905	7741.647	150.519	244124.78
2.06178835056932	26.558978752817	10243.008	190.128	293851.93
3.73990700807439	40.632627493898	13399.073	339.752	492415.25
7.17198426241259	63.8913088869529	19380.628	658.557	751151.93
11.0817211346231	76.616398706881	21835.941	1018.058	923917.42
16.9158064673548	86.8906104875116	24097.87	1519.803	1053269.16
19.7185242251806	73.5420011663991	21386.903	1722.301	1124794.83
30.6251354998916	87.458330033336	25686.432	2675.423	1370595.97
43.4496352402918	99.3125805499356	28433.845	3856.124	1664994.01
51.8294685364252	99.8444801244159	29235.839	4537.422	1857660.3
57.5332639733888	99.5507203594237	45807.608	4996.774	1990481.22
65.1669778664177	99.922780061776	30805.348	5642.265	2161615.45
73.0132115894307	99.999820000144	33144.983	6294.146	2342583.83
78.6772470582024	100.0	31468.294	6795.632	2471896.64
