0.000909999272000582	0.0163799868960105	6.822	1.269	153.75
0.00182999853600117	0.0329399736480211	12.466	1.457	323.49
0.00229999816000147	0.0413999668800265	29.213	1.636	481.01
0.00325999739200209	0.0586799530560376	19.775	1.845	532.05
0.00365999707200234	0.0658799472960422	61.034	1.927	656.41
0.00587999529600376	0.105479915616068	40.914	2.244	1161.13
0.010979991216007	0.196919842464126	73.19	3.254	2067.72
0.0146699882640094	0.263699789040169	88.049	3.828	2715.7
0.0179699856240115	0.322379742096206	104.85	4.33	2727.33
0.0298799760960191	0.535319571744343	194.49	5.82	5069.15
0.0378399697280242	0.675539459568432	262.552	6.31	6779
0.082799933760053	1.47725881819295	546.804	10.658	13603.1
0.122469902024078	2.17007826393739	757.47	13.912	22129.09
0.164419868464105	2.89853768116985	1092.206	18.256	29668.38
0.179719856224115	3.125157499874	1206.252	18.842	29235.47
0.336719730624216	5.76809538552369	2101.187	34.384	56817.58
0.459049632760294	7.69319384544492	2782.13	46.845	75278.27
0.576139539088369	9.35207251834199	3473.688	56.666	88405.33
0.970059223952621	14.9196480642815	5383.401	98.631	153986.18
1.65374867700106	23.420681263455	8560.087	156.253	252563.99
3.26328738937009	41.7209066232747	16012.876	302.803	436147.97
4.682736253811	51.0618191505447	16706.942	415.297	567283.72
7.43280405375676	66.6816666546667	20300.523	634.903	781473.3
9.5326123739101	64.5758483393213	19029.999	785.307	893681.21
16.8840764927388	86.6531906774475	24560.492	1385.966	1051813.18
25.5475395619683	94.5164843868125	26580.036	2013.964	1252701.1
33.2085234331813	93.8555249155801	26640.234	2583.64	1429746.94
42.5291759766592	98.0484415612467	28622.258	3280.817	1648358.36
47.9599516320387	97.0294623764301	28580.573	3676.503	1771591.3
59.5606923514461	99.96760002592	30468.343	4573.999	2041763.03
66.4812968149625	99.990460007632	30035.798	5050.327	2194227.29
73.0513715589028	100.0	31124.057	5505.252	2343067.04
78.6829870536104	100.0	31567.678	5913.955	2471963.43
