0.00099999920000064	0.0179999856000115	7.954	1.11	152.09
0.00103999916800067	0.018719985024012	8.802	1.185	194.82
0.00247999801600159	0.0446399642880286	16.053	1.474	401.12
0.00301999758400193	0.0543599565120348	21.679	1.628	542.02
0.00485999611200311	0.0872999301600559	33.129	1.936	958.15
0.00597999521600383	0.107279914176069	35.51	2.156	1115.67
0.00696999442400446	0.12509989992008	44.032	2.439	1133.95
0.01555998755201	0.279719776224179	95.835	3.66	3015.78
0.0211799830560136	0.380159695872243	127.119	4.48	3601.1
0.026559978752017	0.476459618832305	195.766	4.994	4084.91
0.0571399542880366	1.02275918179265	371.376	7.879	9153.12
0.076609938712049	1.36331890934487	490.361	9.854	13507.56
0.0980399215680628	1.73771860982511	654.103	11.423	17253.57
0.162069870344104	2.85659771472183	1031.516	18.387	29668.38
0.251479798816161	4.3799364960508	1652.197	25.155	41655.12
0.35942971245623	6.15851507318794	2304.981	37.002	60977.41
0.424899660080272	7.12799429760456	2607.958	42.554	73854.91
0.848369321304543	13.6794490564408	4883.368	87.065	132573.42
1.39467888425689	21.3681429054857	8511.101	136.116	216658.45
1.94128844696924	27.4445780443376	10333.066	187.72	293937.21
3.09790752167398	39.4012484790012	13792.486	283.898	418451.68
4.60193631845094	50.1268998984801	16420.032	415.301	561480.98
6.70372463702029	59.0653327477338	17430.539	579.576	729619.83
10.5002115998307	71.6138427089258	21258.876	877.742	911059.02
16.3271869382504	82.789313768549	22965.901	1313.853	1042650.22
23.0873215301428	84.0480527615578	23687.609	1784.8	1203925.34
32.7275538179569	92.5955259235793	26046.247	2547.473	1420528.45
40.2178378257297	94.5449243640605	27881.235	3077.007	1590683.56
50.6530794775364	99.1984606412315	29904.687	3914.71	1834042.78
57.2567541945966	99.4589204328636	29318.911	4397.742	1978259.25
66.0818371345303	99.976780018576	30303.233	4961.713	2181712.16
72.8520817183346	99.998380001296	31079.003	5511.919	2342966.45
78.6888070489544	100.0	31523.91	5928.467	2472202.86
