0.000729999416000467	0.0131399894880084	6.366	1.039	137.13
0.00165999867200106	0.0298799760960191	10.79	1.253	336.79
0.00250999799200161	0.0451799638560289	16.467	1.505	501.54
0.00302999757600194	0.0543599565120348	18.738	1.529	542.02
0.00386999690400248	0.0696599442720446	25.395	1.762	719.09
0.00739999408000474	0.133199893440085	46.978	2.488	1189.98
0.010859991312007	0.195299843760125	67.056	2.901	2155.92
0.0130999895200084	0.235439811648151	76.404	3.443	2259.07
0.0245099803920157	0.439919648064282	160.521	4.725	4083.25
0.0326799738560209	0.584999532000374	217.788	5.564	5981.77
0.0382299694160245	0.682919453664437	746.276	6.113	6779
0.0846799322560542	1.50839879328097	517.747	10.446	14278.95
0.122789901768079	2.17655825875339	795.663	13.974	22129.09
0.135539891568087	2.38751808998553	932.981	15.162	20420
0.232869813704149	4.0669167464666	1456.292	23.377	39851.1
0.243549805160156	4.18085665531468	1504.421	25.041	40610.44
0.557129554296357	9.04751276198979	3371.208	53.623	89009.13
0.611249511000391	10.2360518111586	3711.409	61.466	87717.65
1.4031388774889	21.5254627796298	8115.709	143.329	212042.21
1.566278746977	22.2287222170222	7945.851	146.577	238587.71
2.69830784135373	34.1897126482299	11781.793	250.847	382290.85
4.86882610493912	53.4277372578102	18047.843	429.529	586261.64
6.32323494141205	55.6498354801316	16957.305	544.199	717620.39
11.0855211315831	76.6752586597931	22023.171	926.145	923900.46
13.4232092614326	67.9261856590515	19768.855	1077.443	981748.03
25.7174094260725	95.362303710157	25752.13	2004.075	1260661.67
34.8420921263263	98.374961300031	27556.046	2742.407	1466515.9
43.5736451410839	99.4709804232157	28391.073	3359.64	1667764.06
51.0121391902887	99.4308404553276	28719.938	3914.764	1840985.38
58.4059732752214	99.7706801834559	29935.077	4380.338	2013153.76
64.8977980817615	99.9017200786239	30033.625	4928.555	2154681.52
73.0557315554148	100.0	32355.622	5464.182	2343145.08
78.6601970718423	100.0	31525.55	5937.036	2472244.4
