0.000789999368000506	0.0142199886240091	6.009	0.853	138.79
0.00164999868000106	0.029699976240019	10.651	0.965	323.49
0.00251999798400161	0.045359963712029	15.122	1.104	501.54
0.00279999776000179	0.0503999596800323	20.206	1.162	394.48
0.00352999717600226	0.0635399491680407	20.791	1.127	567.54
0.00512999589600328	0.0923399261280591	30.019	1.213	851.08
0.00740999407200474	0.133379893296085	60.955	1.478	1142.85
0.0121899902480078	0.21887982489614	87.861	1.873	2096.57
0.0169399864480108	0.304739756208195	95.714	2.356	3022.42
0.0329899736080211	0.591479526816378	207.864	3.56	5630.62
0.0380399695680243	0.679859456112435	226.896	4.223	6779
0.0818999344800524	1.46051883158493	549.733	7.813	14809.29
0.10896991282407	1.93301845358524	633.498	10.226	18754.66
0.113669909064073	2.00555839555328	704.787	10.506	18157.02
0.253249797400162	4.35941651246679	1582.02	24.183	40318.51
0.277829777736178	4.8459561232351	2536.677	26.383	44978.5
0.54705956235235	9.13715269027785	3136.29	49.404	91041.77
0.92255926195259	14.8998480801215	5459.881	80.37	133909.73
1.0987691209847	16.8298065361548	5850.515	100.64	175203.38
1.65547867561706	23.444621244303	9330.742	143.598	252677.05
2.46354802916158	31.223855020916	10913.672	217.128	354824.2
4.31258654993076	46.6707226634219	14621.806	375.458	551914.23
4.58372633301893	42.0593063525549	12695.661	391.864	551585.7
9.04671276262979	61.5268307785354	17572.033	764.915	883180.92
16.9300464559628	86.9892504085997	24318.989	1474.238	1053903.63
19.3702145038284	72.5811619350705	21640.754	1586.262	1115191.63
32.742463806029	92.6327858937713	27382.589	2790.83	1420895.03
37.6567398746081	90.4114076708739	26547.256	3109.455	1529880.56
51.7367286106171	99.8041601566719	30554.695	5318.086	1858421.35
58.0166335866931	99.6751002599198	30686.292	5942.411	1994012.97
65.1648678681057	99.923140061488	32436.496	6809.672	2167266.18
73.0437315650148	99.999460000432	30765.991	8263.439	2345311.01
78.6834970532024	100.0	31724.914	9251.557	2472349.57
