0.000599999520000384	0.0107999913600069	5.526	1.049	118.26
0.0013999988800009	0.0251999798400161	11.667	1.152	264.14
0.00193999844800124	0.0349199720640224	12.305	1.127	355.66
0.00261999790400168	0.0471599622720302	18.092	1.253	410.02
0.00537999569600344	0.096839922528062	32.226	1.443	873.28
0.00698999440800447	0.125819899344081	65.749	1.615	1189.98
0.0110499911600071	0.198359841312127	62.434	1.897	1717.57
0.0158099873520101	0.284219772624182	126.071	2.435	2744.54
0.0209799832160134	0.376739698608241	117.179	2.911	3601.1
0.0358499713200229	0.642239486208411	216.847	4.166	6644.73
0.037469970024024	0.670319463744429	315.46	4.881	5905.19
0.0828999336800531	1.48121881502495	525.041	8.197	13626.96
0.104449916440067	1.85561851550519	650.86	10.278	17989.49
0.154419876464099	2.71889782488174	936.506	14.812	26763.02
0.172979861616111	3.01427758857793	1071.158	16.64	27065.53
0.331689734648212	5.67161546270763	2037.271	31.691	56312.31
0.415749667400266	6.96383442893246	2569.325	36.985	67684.57
0.801219359024513	12.9209296632563	5924.476	70.396	129706.24
1.4076088739129	21.6057427154058	7579.466	125.095	208444.54
1.73785860971311	24.6056203155037	8934.194	151.484	263723.38
3.22396742082606	41.1366270906983	14216.499	277.199	425344.14
3.38862728909817	37.2581701934638	11558.318	285.562	444975.36
6.27128498297201	55.2417758065794	17152.593	507.137	714290.46
10.6281014975188	72.7219218224625	21118.904	849.854	911695.6
12.6881498494801	64.9860680111456	20124.104	966.913	963539.2
22.7213018229585	82.777433778053	23661.092	1674.065	1194285.66
34.2664825868139	96.6964626428299	27424.458	3075.715	1456846.34
42.9268756584995	98.6154411076471	28645.094	3893.736	1654739.89
48.0366315706947	97.1036223171022	27761.861	4074.931	1773614.86
57.9705536235571	99.6616002707198	30124.856	5602.144	2001108.74
65.2042578365937	99.926380058896	29785.804	6347.604	2168172.03
72.8589617128306	99.998380001296	32339.478	7436.213	2343136.59
78.6629470696423	100.0	32322.714	8496.117	2472332.6
