0.000819999344000525	0.0147599881920094	7.501	1.084	142.11
0.00172999861600111	0.0311399750880199	15.678	1.271	323.49
0.00214999828000138	0.0386999690400248	26.948	1.386	391.15
0.00288999768800185	0.0520199583840333	28.753	1.49	498.22
0.00492999605600316	0.0885599291520567	62.019	2.024	958.15
0.00770999383200493	0.138599889120089	63.94	2.37	1434.7
0.0104199916640067	0.18737985009612	87.778	2.887	1883.02
0.0173399861280111	0.311579750736199	138.421	3.782	2770.06
0.0233199813440149	0.417959665632267	263.419	4.527	4088.23
0.0308699753040198	0.553499557200354	265.783	5.189	5390.86
0.0336899730480216	0.603539517168386	314.458	5.521	5459.13
0.0815799347360522	1.45547883561693	725.531	9.321	14809.29
0.119569904344077	2.12309830152136	1118.559	12.604	20144.69
0.146639882688094	2.58317793345765	1287.465	14.979	25580.9
0.243989804808156	4.24457660433872	2122.766	23.474	43148.29
0.35964971228023	6.16481506814795	3059.897	31.884	61643.68
0.6247095002324	10.4455716435427	5470.655	55.657	100685.6
0.855459315632548	13.2400694079445	6784.408	77.474	129937.41
0.936249251000599	15.1419478864417	7485.107	81.311	143930.72
1.31423894860884	18.8359049312761	11495.713	108.243	191257.14
2.00173839860928	25.8114393508485	12731.418	168.078	278633.91
4.86763610589112	53.4156772674582	25008.307	405.65	585819.1
7.29842416126067	65.2380678095458	30611.093	584.5	764539.45
10.0284419772464	68.0313055749555	28929.786	780.037	902804.84
14.2548885960891	71.5929627256298	31443.365	1086.322	1002644.96
20.9969432024454	77.2174182260654	32751.943	1576.77	1154673.01
34.7823121741503	98.2079214336628	40508.634	2646.506	1465154.93
43.5564851548119	99.4475804419356	44346.118	3311.526	1666133.26
51.6890786487371	99.7831001735199	43218.726	3866.012	1859685.86
57.0371743702605	99.3871004903196	43900.285	4231.388	1978508.94
66.5771267382986	99.993880004896	44166.866	4972.273	2204563.46
72.4645420283664	99.996580002736	44774.293	5323.837	2332068.29
78.6681370654903	100.0	64330.185	5845.131	2472492.31
