0.000669999464000429	0.0120599903520077	5.244	0.85	135.47
0.00178999856800115	0.0322199742240206	14.208	0.977	297.97
0.00198999840800127	0.0356399714880228	12.237	1.021	323.49
0.00229999816000147	0.0413999668800265	15.373	1.008	381.18
0.0042199966240027	0.0759599392320486	47.978	1.189	780.1
0.00744999404000477	0.133919892864086	48.7	1.4	1495.72
0.0117599905920075	0.211679830656135	82.109	1.89	1992.82
0.0144999884000093	0.260279791776167	120.593	2.127	2554.86
0.0232199814240149	0.416699666640267	161.676	2.849	3685.97
0.023459981232015	0.419579664336269	132.17	2.733	3644.9
0.0489999608000314	0.876599298720561	283.393	5.027	8452.39
0.0565199547840362	1.01033919172865	357.464	5.835	10098.61
0.0793799364960508	1.4061588750729	495.736	7.896	13158.64
0.18684985052012	3.29633736293011	1151.752	17.909	30270.02
0.282879773696181	4.92965605627515	1721.617	25.954	47128.01
0.379259696592243	6.50177479858016	2412.695	33.443	60516.51
0.43817964945628	7.3407541273967	2513.752	37.634	67842.81
0.933609253112597	15.0821879342497	5252.696	81.43	150416.14
1.28344897324082	18.4375652499478	6360.552	116.146	188799.29
1.36764890588088	20.9658432273254	7508.413	116.617	201394.59
3.02124758300193	38.2879493696405	13169.144	263.394	411434.72
3.53375717299426	38.6376890898487	13278.713	305.204	459398.28
6.90483447613242	61.0647711481831	17512.994	593.584	743440.03
11.2270910183272	77.9435376451699	22123.707	974.501	923907.03
15.7283374173301	79.1941766446587	22280.955	1335.625	1030361.36
25.2858297713362	93.2300254159797	26680.368	2576.141	1243426.11
32.8964736828211	93.0388655689075	28150.025	3136.86	1424808.43
40.3463177229458	94.7432842053726	27806.87	3787.17	1593569.53
51.0608891512887	99.4580204335837	28752.014	5137.275	1842206.43
57.0244043804765	99.3790004967996	29311.393	5682.459	1974067.44
66.2712369830104	99.985780011376	30412.404	7126.968	2196303.14
72.6326418938865	99.997480002016	30654.156	8081.745	2336452.45
78.6742170606263	100.0	31728.159	9093.631	2471790.76
