0.00074999940000048	0.0134999892000086	3.188	0.936	130.48
0.00169999864000109	0.0305999755200196	4.621	0.958	323.49
0.00253999796800163	0.0457199634240293	6.377	1.089	401.12
0.00273999780800175	0.0493199605440316	8.314	1.064	575.85
0.00439999648000282	0.0791999366400507	9.365	1.169	778.44
0.00615999507200394	0.110879911296071	13.241	1.255	996.97
0.00969999224000621	0.174419860464112	53.189	1.521	1575.6
0.0113699909040073	0.204659836272131	23.443	1.602	1851.84
0.017229986216011	0.309239752608198	91.544	2.089	2759.5
0.0357199714240229	0.639719488224409	67.688	3.638	5413.07
0.0377099698320241	0.674819460144432	71.966	3.554	6779
0.0510599591520327	0.913499269200585	101.014	4.825	8135.06
0.0785799371360503	1.39427888457689	152.899	7.045	12170.38
0.137639889888088	2.42585805931355	255.198	11.234	23999.39
0.280389775688179	4.88861608910713	601.95	23.81	46900.44
0.424129660696271	7.27577417938066	812.161	34.869	69890.29
0.51533958772833	8.6002131198295	1705.117	41.533	86116.21
0.919139264688588	14.8660081071935	1672.28	74.113	131669.5
1.4116588706729	21.6577626737899	2487.401	113.292	208514.67
2.09188832648934	29.700336239731	3376.814	168.163	300111
3.11968750425	39.7043682365054	4521.779	245.786	412696.38
3.27257738193809	36.1013111189511	3848	250.663	427977.93
6.44763484189213	56.6968946424843	5426.315	488.497	721579.63
10.0620119503904	68.2957253634197	6242.253	746.327	903279.33
16.9597964321629	87.2221702222638	8294.359	1272.895	1055269.71
23.2799513760389	84.7280922175262	7996.368	1694.964	1207595.13
30.9127952697638	88.1471894822484	8693.865	2236.456	1377951.34
43.5661351470919	99.4553204357437	12596.193	6874.128	1669943.46
50.8076593538725	99.3035805571356	13108.666	7324.408	1836754.64
58.5622831501735	99.8032601573919	15240.684	8825.105	2017958.09
65.8257073394341	99.962920029664	15739.19	10044.596	2182655.11
72.6539918768065	99.997480002016	16528.752	10726.894	2336963.59
78.6885170491864	100.0	16439.653	11161.186	2472203
