0.000759999392000486	0.0136799890560088	6.467	1.108	153.75
0.00176999858400113	0.0318599745120204	11.658	1.266	297.97
0.00193999844800124	0.0349199720640224	12.568	1.295	362.31
0.0037499970000024	0.0673199461440431	23.37	1.688	616.33
0.00492999605600316	0.0887399290080568	35.696	1.978	862.72
0.00631999494400404	0.113579909136073	43.307	2.207	1162.8
0.0108099913520069	0.194039844768124	88.801	3.066	1717.57
0.0162799869760104	0.291419766864187	112.201	3.791	3022.42
0.0169899864080109	0.305639755488196	107.677	3.788	2455.41
0.0240999807200154	0.431459654832276	187.339	4.592	3644.9
0.0447199642240286	0.799739360208512	259.249	6.947	7586.87
0.0736699410640471	1.30859895312084	577.083	9.93	12583.25
0.102669917864066	1.81997854401716	696.505	12.077	17559.39
0.186259850992119	3.2842773725781	1214.65	19.621	30286.64
0.224299820560144	3.9056368754905	1436.256	23.3	38245.8
0.336459730832215	5.7731353814917	2044.593	36.401	56817.58
0.369769704184237	6.21053503157197	2283.872	37.427	60289.9
0.644689484248413	10.4245116603907	4069.826	63.199	107754.29
0.898709281032575	13.8356889314489	5000.667	89.533	136252.95
1.7255086195931	24.4240004607996	8373.049	158.418	262075.04
2.9608676313059	37.4070300743759	13224.461	277.32	408926.84
3.51010719191425	38.4130492695606	12463.209	319.163	455408.93
6.7121846302523	59.1283326973338	17423.064	614.509	729469.88
7.68052385558092	53.7416570066744	17113.553	676.043	791038.79
14.9326780538576	74.8693201045439	21235.582	1295.872	1015457.39
22.3220421423663	81.4236548610761	24055.644	1944.374	1186074.43
34.8188021449583	98.3290613367509	28432.442	3081.217	1465081.98
43.3612053110358	99.1993606405115	28881.28	3815.992	1663538.34
51.8671185063052	99.8576201139039	29054.395	4542.749	1862294.31
59.308582553134	99.933580053136	30018.63	5146.537	2036406.39
65.8067673545861	99.96220003024	46904.854	5724.332	2182260.08
73.0609815512148	100.0	32650.226	6258.579	2343235.42
78.6889170488664	100.0	32180.644	6774.611	2472084.51
