0.000759999392000486	0.0136799890560088	3.176	1.201	138.79
0.00172999861600111	0.0311399750880199	5.12	1.46	264.14
0.00216999826400139	0.039059968752025	9.943	1.533	438.87
0.0028199977440018	0.0507599593920325	7.174	1.707	498.22
0.00413999668800265	0.0743399405280476	9.281	1.967	732.38
0.00583999532800374	0.105119915904067	16.345	2.181	881.59
0.00928999256800594	0.167219866224107	18.905	2.635	1678.75
0.0110199911840071	0.198179841456127	24.091	2.813	1654.9
0.0183899852880118	0.329939736048211	51.021	3.796	3083.44
0.0377399698080242	0.676799458560433	72.398	6.444	6779
0.0378099697520242	0.675899459280433	83.129	5.893	6113.77
0.0666599466720427	1.18835904931276	148.757	8.33	11537.28
0.0857699313840549	1.52009878392097	171.839	9.712	15103.46
0.133759892992086	2.35277811777751	285.667	14.575	20326.8
0.236209811032151	4.11083671133063	477.908	23.606	39851.1
0.301929758456193	5.17733585813131	659.647	27.5	45074.08
0.559039552768358	9.36089251128599	1082.943	50.708	91375.68
0.678259457392434	10.954251236599	1272.399	60.453	101303.39
1.02914917668066	15.7793273765381	1911.466	90.333	159204.77
1.51805878555297	21.5852227318218	2402.853	127.89	217649.44
2.54777796177763	32.2840541727567	3563.722	217.883	363994.06
4.88070609543512	53.5692171446263	5766.149	402.395	587948.5
6.13015509587592	53.9668368265305	5234.796	489.236	698036.81
11.0750411399671	76.562218750225	7067.999	884.257	923932.61
13.8410989271209	69.7585841931326	6030.542	1062.846	994411.7
20.7879033696773	76.585798731361	6833.194	1586.42	1150035.06
34.4640824287341	97.2978421617263	9691.422	2637.264	1459189.06
41.8529465176428	97.0451223639021	10191.142	3183.226	1633920.74
51.2831089735128	99.5825803339357	11437.407	3847.371	1847296.12
56.6123747101002	99.2319406144475	12058.199	4308.207	1965452.72
66.6302866957706	99.994780004176	12974.413	4961.361	2205142.29
72.9852016118387	99.999820000144	13248.7	5543.465	2342361.4
78.6877470498024	100.0	13513.828	5827.597	2472237.6
