0.000599999520000384	0.0107999913600069	5.339	1.094	114.93
0.00163999868800105	0.0295199763840189	11.44	1.239	294.65
0.00196999842400126	0.0354599716320227	12.475	1.303	367.29
0.00339999728000218	0.0611999510400392	21.063	1.599	542.02
0.00511999590400328	0.092159926272059	31.967	1.971	873.28
0.00672999461600431	0.121139903088078	60.176	2.29	1161.13
0.00846999322400542	0.152459878032098	50.24	2.575	1438.03
0.0115799907360074	0.207899833680133	68.457	3.041	1851.84
0.021929982456014	0.392399686080251	127.452	4.795	3644.9
0.0221399822880142	0.397619681904254	142.639	4.667	3995.03
0.0495299603760317	0.886139291088567	368.176	7.059	8957.82
0.0589899528080378	1.05119915904067	390.035	7.841	9110.37
0.105839915328068	1.8752384998092	693.768	12.245	17989.49
0.120749903400077	2.13029829576136	840.826	13.509	19618.64
0.224279820576144	3.9095968723225	1462.9	23.416	38245.8
0.292599765920187	5.02451598038722	1865.867	31.804	45074.08
0.616379506896395	10.3136317490946	4116.961	61.608	90699.53
0.849219320624544	13.1255894995284	4729.796	80.665	130074.15
0.961219231024615	15.560447551642	6274.254	95.351	150043.12
2.05693835444932	29.1902166478267	10200.576	193.429	291214.47
3.06705754635396	38.9190288647769	13805.557	292.889	409115.89
4.80598615521108	52.6252978997617	17040.557	439.348	576645.39
7.38344409324473	66.1999870400104	19697.025	663.828	772894.22
11.2413710069032	78.096177523058	22335.384	999.925	923831.02
15.9712272230182	80.6010555191556	22820.218	1426.84	1035411.4
25.5161595870723	94.3672645061884	26159.7	2265.425	1250366.93
34.5320123743901	97.4650620279504	27261.878	3031.36	1461370.75
42.8323057341554	98.490881207295	29231.142	3756.122	1653976.33
51.521418782865	99.7021002383198	29285.712	4547.6	1853274.02
57.1213243029406	99.4142804685756	30037.181	4972.85	1976155.5
65.3059377552498	99.934480052416	31685.372	5679.089	2170786.93
72.4650620279504	99.996580002736	32045.803	6368.027	2334676.68
78.6885570491544	100.0	32123.752	6829.74	2472224.21
