0.000719999424000461	0.0129599896320083	6.167	1.011	165.97
0.00182999853600117	0.0329399736480211	78.01	1.488	330.14
0.00190999847200122	0.034379972496022	14.539	1.376	311.86
0.00254999796000163	0.0458999632800294	15.74	1.452	445.52
0.00512999589600328	0.0923399261280591	33.457	1.964	793.4
0.00521999582400334	0.0939599248320601	31.227	1.934	958.15
0.00990999207200634	0.178199857440114	60.711	2.805	1677.09
0.0147299882160094	0.263879788896169	100.715	3.586	2715.7
0.0215399827680138	0.386639690688247	161.067	4.299	3996.69
0.0305099755920195	0.54683956252835	227.079	5.557	5387.53
0.0543199565440348	0.96893922484862	350.611	7.694	9056.6
0.0748799400960479	1.33343893324885	535.74	9.373	12583.25
0.118649905080076	2.10671831462535	2033.086	13.511	20144.69
0.146739882608094	2.58155793475365	1049.772	16.012	25705.22
0.162789869768104	2.83769772984182	1072.132	17.26	27264.18
0.417089666328267	7.16057427154058	2555.212	41.921	66756.73
0.466359626912298	7.79669376264499	2660.384	46.674	78025.8
0.612699509840392	9.90953207237434	3397.426	58.312	95260.95
1.25840899327281	19.2547645961883	7197.947	119.744	196976.74
1.57625873899301	22.3754220996623	7941.343	147.581	240516.51
3.00230759815392	37.9355096515923	13241.419	289.051	414450.64
4.3684665052268	47.2613021909582	15107.243	414.711	547977.71
7.21168423065262	64.3222285422172	19436.957	659.536	760386.93
7.86593370725303	54.744256204595	16068.551	688.359	807435.42
14.7504781996174	73.9592408326073	21153.919	1301.625	1011542.2
25.1801898558481	92.7035258371793	26039.579	2236.274	1242634.01
34.2573025941579	96.6732426614059	28301.925	3000.607	1456600.78
39.9673080261536	94.1420846863323	28174.005	3488.065	1585404.04
51.7249786200171	99.7973201621439	29638.083	4537.515	1860930.65
57.2308042153566	99.4510004391996	29931.318	4989.851	1977844.62
66.4782368174105	99.991180007056	31080.593	5832.656	2202121.64
72.9220016623987	99.998560001152	32349.421	6320.957	2344767.29
78.6831570534744	100.0	32911.158	6775.817	2471983
