0.000769999384000493	0.0138599889120089	3.408	0.904	138.79
0.0013999988800009	0.0251999798400161	4.212	0.949	201.47
0.00269999784000173	0.0485999611200311	9.103	1.068	479.35
0.00288999768800185	0.0520199583840333	6.937	1.042	443.85
0.00399999680000256	0.0719999424000461	9.431	1.174	668.05
0.00448999640800287	0.0804599356320515	9.824	1.138	793.4
0.00755999395200484	0.136079891136087	15.448	1.409	1225.47
0.0134499892400086	0.241559806752155	27.933	1.738	2297.89
0.0227399818080146	0.408419673264261	57.196	2.373	3685.97
0.0266499786800171	0.477539617968306	54.662	2.653	4084.91
0.049969960024032	0.891539286768571	110.281	4.875	8135.06
0.0530199575840339	0.948599241120607	99.499	5.084	9056.6
0.0901299278960577	1.60001871998502	172.195	7.565	15405.24
0.151279878976097	2.66903786476971	307.487	13.375	26763.02
0.280309775752179	4.88609609112313	561.62	22.742	45053.53
0.399959680032256	6.84611452310838	850.165	32.94	66111.34
0.6243395005284	10.4435916451267	1309.377	50.763	100015.03
0.876919298464561	14.138088689529	1538.367	71.789	153229.91
1.43124885500092	21.9729424216461	2624.148	116.138	216054.35
2.00444839644128	28.3623973100822	3187.926	158.136	283596.96
2.90183767852986	36.6729906616075	4017.403	228.169	406868.64
4.63884628892297	50.5356795714563	5974.357	362.643	566423.99
6.86329450936439	60.6279114976708	6041.085	530.395	744704.75
11.2452910037672	78.149457480434	7204.094	853.138	923946.04
16.6231467014826	84.8128721497023	7729.332	1248.27	1044574.74
24.8810700951439	91.2293270165384	8453.025	1819.091	1235277.5
32.764613788309	92.6864258508593	8831.178	2356.021	1421438.42
38.0570995543204	91.0608471513223	9598.682	2713.69	1540147.32
51.3958888832889	99.6380202895838	12087.226	7318.385	1852363.48
58.7364630108296	99.8363801308959	15159.814	8842.983	2024208.22
65.4825176139859	99.942040046368	13328.053	8532.464	2168159.25
72.5851119319105	99.996940002448	15164.416	9745.296	2337024.32
78.6848770520984	100.0	16125.409	11235.153	2472015.29
