0.000769999384000493	0.0138599889120089	3.069	0.927	126.57
0.00134999892000086	0.0242999805600156	3.905	1.034	248.59
0.00238999808800153	0.0430199655840275	5.818	1.008	381.18
0.00268999784800172	0.048419961264031	7.553	1.07	438.87
0.00453999636800291	0.0817199346240523	10.312	1.164	862.72
0.0076499938800049	0.137699889840088	19.096	1.434	1317.67
0.00916999266400587	0.165059867952106	24.055	1.467	1677.09
0.0113699909040073	0.204659836272131	23.857	1.577	2055.5
0.0238399809280153	0.428039657568274	57.107	2.488	4038.86
0.0363899708880233	0.652139478288417	112.958	3.558	6648.64
0.0467699625840299	0.835559331552535	97.254	4.523	8082.95
0.0818899344880524	1.46015883187293	162.011	7.374	14809.29
0.114879908096074	2.0343583725133	242.67	10.162	18401.13
0.174639860288112	3.07691753846597	338.227	14.206	27420.09
0.20320983743213	3.54401716478627	439.709	17.135	34183.91
0.350269719784224	6.00785519371585	678.41	28.253	59168.4
0.40654967476026	6.80705455435636	828.512	32.318	64579.95
0.850069319944544	13.7107690313848	1621.427	67.303	132220.39
1.16960906431275	17.8950456839635	2121.025	92.602	186245.83
1.42924885660091	20.3945236843811	2330.127	113.435	220494.93
2.10607831513735	27.0699983440013	3047.404	169.489	304911.88
4.19209664632268	45.4290836567331	4595.256	320.588	533829.66
6.7239446208443	59.2302126158299	5962.882	512.819	729986.39
10.4215716627427	70.9820432143654	6703.836	779.866	908802.5
16.1377570897943	81.5694547444362	7516.298	1188.192	1042050.12
21.1885830491336	77.7934177652658	7222.984	1540.732	1158319.82
31.0844151324679	88.5451691638647	8794.831	2247.492	1383191.71
42.0506363594909	97.3374421300463	10281.063	5379.487	1638324.39
50.9297792561766	99.3831404934876	11012.442	7821.266	1840870.99
58.8806328954937	99.8624801100159	13936.019	8985.676	2028687.26
66.6278866976906	99.993340005328	13126.362	9372.573	2201377.66
72.9626016299187	99.998920000864	13712.445	10729.571	2345243.91
78.6899970480024	100.0	14995.914	11067.245	2472120.91
