0.000969999224000621	0.0174599860320112	3.488	1.083	138.79
0.00148999880800095	0.0268199785440172	4.313	1.101	274.11
0.00162999869600104	0.0293399765280188	4.669	1.134	267.46
0.00306999754400196	0.0552599557920354	8.581	1.241	530.39
0.00501999598400321	0.0903599277120578	22.206	1.383	879.93
0.00626999498400401	0.112859909712072	28.182	1.506	1161.13
0.00627999497600402	0.112679909856072	18.318	1.446	1142.85
0.0104599916320067	0.18737985009612	27.139	1.691	1789.15
0.0256799794560164	0.461519630784295	50.004	2.747	4083.25
0.0319999744000205	0.574559540352368	62.292	3.075	5981.77
0.0519599584320333	0.930599255520596	115.431	4.839	10374.87
0.0818999344800524	1.45367883705693	169.414	7.641	13158.64
0.084439932448054	1.50461879630496	199.524	7.332	14278.95
0.106039915168068	1.8696585042732	200.157	9.707	18289.64
0.257609793912165	4.47605641915486	521.418	21.907	43866.16
0.362599709920232	6.20657503473997	729.035	30.387	61643.68
0.377919697664242	6.34967492026006	751.848	31.84	59900.74
0.866759306592555	13.9579088336729	1598.958	71.553	142310
1.0907391274087	16.7227066218347	1969.611	87.335	174532.93
1.43117885505692	20.4206236635011	2449.743	111.789	220589.68
2.46954802436158	31.28127497498	3477.477	192.082	355705.36
3.48111721510623	38.1110095111924	3869.499	268.301	452613.5
6.96951442438846	61.7349106120715	5606.505	536.983	740650.42
10.2314718148225	69.5364643708285	6037.634	772.329	904496.64
13.1303394957284	66.6991266406987	5800.993	948.126	976240.02
19.9792740165808	74.2843205725435	6410.683	1440.339	1130932.61
31.8172445462044	90.2776677778658	9503.209	2336.475	1399734.95
41.9318264545388	97.1651822678542	9754.555	5302.664	1635625.37
51.586118731105	99.7339602128318	11257.602	6027.474	1855910.23
59.353382517294	99.938260049392	12163.599	6900.51	2032499.06
65.63958748833	99.95590003528	12327.619	7647.741	2178857.81
73.0549515560388	100.0	12829.669	8942.206	2343129.81
78.6621470702823	100.0	13221.602	9821.504	2470971.48
