0.000699999440000448	0.0125999899200081	2.986	1.05	130.48
0.00167999865600108	0.0300599759520192	23.547	1.317	311.86
0.00197999841600127	0.0356399714880228	5.349	1.326	367.29
0.00322999741600207	0.0581399534880372	8.413	1.584	616.33
0.0051599958720033	0.0926999258400593	10.738	1.852	873.28
0.00793999364800508	0.142559885952091	16.51	2.453	1434.7
0.00869999304000557	0.1562398750081	18.402	2.41	1548.42
0.0104699916240067	0.18827984937612	23.065	2.814	1654.9
0.0223899820880143	0.401759678592257	46.935	4.425	3770.93
0.0354999716000227	0.636479490816407	77.658	6	6644.73
0.0410099671920262	0.732599413920469	84.286	6.532	6918.32
0.056279954976036	1.00151919878464	191.621	7.061	10098.61
0.124169900664079	2.20301823758541	253	12.827	20715.17
0.134909892072086	2.37635809891352	260.014	14.49	20730.72
0.168819864944108	2.94497764401788	342.07	16.363	27150.42
0.355559715552228	6.0881351294919	718.344	33.36	59341.61
0.638649489080409	10.7029714376228	4191.237	56.715	103055.79
0.957579233936613	15.4958276033379	1941.355	83.801	150428.39
1.36261890990487	20.8956432834854	2493.861	117.233	211830.17
1.70534863572109	24.0915407267674	3018.861	143.502	257995.1
2.98584761132191	37.7288698169041	4263.697	247.803	413850.62
4.85703611437111	53.2889573688341	5439.993	408.265	583446.97
7.13135429491656	63.4501292398966	6242.466	574.856	751661.06
8.78403297277362	59.9781120175104	5477.643	689.869	873989.31
12.0012603989917	62.3343101325519	5749.338	900.058	946571.02
25.2808997752802	93.1961854430516	8912.512	1938.537	1243384.61
33.6470330823735	95.0269639784288	9553.299	2529.569	1438469.05
42.6889258488593	98.2734413812469	11196.454	3242.399	1651639.64
51.2500589999528	99.5658403473277	13700.706	3817.999	1846665.81
57.4419540464368	99.5246203803037	12880.882	4277.611	1988375.47
65.5194475844419	99.949420040464	14469.38	4826.254	2176531.94
72.8907516873986	99.998560001152	14873.029	5344.155	2343938.95
78.6638870688903	100.0	13618.008	5867.397	2471048.62
