0.000869999304000557	0.01565998747201	8.469	1.229	343.43
0.00115999907200074	0.0208799832960134	11.239	1.317	466.34
0.00242999805600156	0.043739965008028	15.316	1.62	931.94
0.0034299972560022	0.0617399506080395	25.445	1.844	1355.61
0.00409999672000262	0.0737999409600472	28.96	2.059	1683.9
0.00786999370400504	0.141479886816091	47.817	2.819	3022.02
0.0107799913760069	0.194039844768124	65.729	3.366	4511.45
0.0148199881440095	0.266579786736171	108.314	4.061	5896.56
0.0246699802640158	0.441899646480283	138.937	5.485	9070.43
0.0301199759040193	0.539279568576345	204.216	6.143	11303.17
0.0527499578000338	0.943379245296604	371.702	9.23	21619.51
0.070259943792045	1.2443390045288	438.571	11.006	28056.91
0.0807699353840517	1.44179884656092	518.777	12.841	27692.36
0.129629896296083	2.28005817595346	801.337	18.233	49482.71
0.257519793984165	4.48109641512287	1510.688	34.613	90769.97
0.290189767848186	4.97699601840319	1839.746	40.279	101292.77
0.630789495368404	10.5636515490788	3603.107	81.366	184364.01
0.913809268952585	14.7374882100094	4234.23	144.513	332273.65
1.31956894434484	20.1805038555969	5703.806	221.48	439865.29
1.91290846967322	27.0843983324813	6547.956	303.421	515287.33
1.92366846106523	24.975160019872	5660.213	282.045	510005.65
4.89706608234713	53.7051170359064	7242.214	599.195	707835.73
7.1915542467566	63.9485488411609	6009.301	698.989	740015.39
11.2671609862712	78.3046173563061	6066.844	876.123	721558.46
12.4189700648239	63.9742888205689	4949.157	731.065	724791.63
20.2277638177889	75.032219974224	5576.023	906.659	742320.97
32.0574943540045	90.9069472744422	5567.232	1119.522	768213.54
43.5503751596999	99.4011404790876	5227.027	1263.598	793101.82
50.5908795272964	99.1367206906234	5318.264	1291.692	808134.25
57.780233775813	99.6139003088797	5377.019	1296.253	825238.18
65.2449678040258	99.927820057744	5542.312	1372.771	841634.72
73.0682015454388	99.999820000144	5417.246	1399.66	858716.93
78.6649970680024	100.0	5337.995	1400.563	870949.78
