0.000679999456000435	0.0122399902080078	5.526	1.043	315.63
0.00149999880000096	0.0269999784000173	9.707	1.158	648.23
0.0026599978720017	0.0476999618400305	19.166	1.276	998.77
0.00353999716800227	0.0637199490240408	21.004	1.38	1429.94
0.0040599967520026	0.0728999416800467	42.314	1.455	1695.6
0.00802999357600514	0.144539884368093	46.828	1.893	3183.95
0.0084399932480054	0.151739878608097	54.681	1.976	3630.24
0.0154499876400099	0.277559777952178	118.857	2.655	6792.65
0.020319983744013	0.365039707968234	125.449	3.278	8431.33
0.026539978768017	0.476099619120305	259.937	4.042	10681.03
0.0391699686640251	0.700379439696448	255.208	5.901	15521.15
0.0783499373200501	1.39085888731289	492.715	10.579	29311.3
0.0807999353600517	1.44125884699292	514.958	10.371	29010.82
0.165439867648106	2.88431769254585	974.769	20.627	59431.6
0.186619850704119	3.2830173735861	1123.487	23.268	65206.62
0.353489717208226	6.03917516865986	1917.394	44.707	116648.62
0.400959679232257	6.70697463442029	2186.449	49.933	127073
0.916379266896586	14.7778081777535	4421.29	142.608	327734.45
0.992869205704635	15.2332078134337	4141.588	143.845	368236.83
2.06891834486532	29.3804764956188	7545.986	308.889	519896.67
3.10403751676999	39.4386884490492	7837.201	413.65	619652.09
4.26603658717073	46.2365630107496	5949.245	497.867	693180.69
7.25758419393264	64.5828683337053	6459.107	698.357	740249.99
9.60179231856615	65.1417678865857	5361.078	739.199	732163.15
13.4630592295526	68.2183254253397	5295.154	776.47	727378.29
24.945880043296	91.5022067982346	5379.121	1086.928	751801.47
34.7504921996062	98.0851615318708	5078.238	2909.123	773515.41
43.4652552277958	99.2972805621755	5040.027	2965.449	792814.06
49.1910006471995	98.1371814902548	5044.424	2979.707	806322.6
59.306042555166	99.9299800560159	5029.602	3030.782	827682.55
64.9928180057456	99.9098200721439	5063.73	3048.242	841200.94
73.0745415403668	99.999820000144	5474.778	3081.718	858699.64
78.6643270685383	100.0	5187.787	3109.58	870984.4
