0.000529999576000339	0.00953999236800611	4.892	0.894	275.9
0.00199999840000128	0.035999971200023	12.629	1.055	679.81
0.00212999829600136	0.0383399693280245	14.709	1.069	931.94
0.0023499981200015	0.0422999661600271	14.399	1.089	916.2
0.00481999614400308	0.0867599305920555	28.417	1.359	1902.12
0.00627999497600402	0.113039909568072	36.279	1.579	2546.53
0.00706999434400452	0.127079898336081	58.739	1.622	2612.33
0.0107799913760069	0.193859844912124	75.069	2.101	4247.49
0.0197999841600127	0.354599716320227	152.361	3.088	8431.33
0.0305499755600196	0.54755956195235	181.701	4.411	11473.19
0.0525299579760336	0.935999251200599	306.368	6.719	19745.06
0.0557899553680357	0.996299202960638	369.791	7.05	21062.74
0.121969902424078	2.16467826825739	739.7	15.479	42423.85
0.142469886024091	2.50865799307361	857.815	17.433	52576.01
0.168849864920108	2.94623764300989	1024.746	20.74	56111.57
0.408109673512261	6.99029440776447	2190.451	48.759	126578.9
0.501279598976321	8.37899329680536	2652.802	57.58	164994.62
0.561269550984359	9.10961271230983	4260.327	63.386	168140.02
1.20718903424877	18.4242452606038	4894.33	192.272	412217.57
2.02028838376929	28.6142171086263	6766.302	295.386	527190.19
2.23324821340143	28.5780371375703	5617.651	297.047	555089.87
3.2775573779541	36.2129110296712	5013.979	393.284	642063.6
7.45204403836477	66.7344066124747	6268.839	723.805	740752.06
8.89348288521369	60.6835314531748	4953.414	667.053	737038.81
12.2066102347118	63.1623094701524	4958.477	710.497	724251.05
25.5231695814643	94.3399045280764	5237.061	2755.765	753349.21
31.4440248447801	89.4120484703612	5530.413	1070.565	766843.12
43.4653552277158	99.2976405618875	5014.187	2906.719	792819.13
47.5372019702384	96.6757626593899	5214.505	2895.472	802671.94
56.282894973684	99.1093607125114	4989.159	2936.899	821725.56
65.9538472369222	99.965980027216	5146.202	3008.642	842305.13
73.0266015787187	99.999820000144	5171.186	3031.155	858369.49
78.6762370590103	100.0	6094.475	3008.682	870950.34
