0.000959999232000614	0.0172799861760111	7.378	1.061	339.46
0.00123999900800079	0.0223199821440143	10.564	1.16	573.16
0.00164999868000106	0.029699976240019	12.472	1.154	762.63
0.00289999768000186	0.0521999582400334	19.181	1.331	1144.04
0.0035999971200023	0.0647999481600415	40.709	1.45	1512.12
0.00715999427200458	0.128699897040082	60.29	1.814	2612.33
0.00726999418400465	0.130859895312084	51.719	1.77	2952.56
0.0131999894400084	0.237059810352152	100.73	2.425	5262.31
0.0152799877760098	0.274139780688175	89.669	2.58	5551.12
0.0256799794560164	0.461159631072295	166.841	3.951	10169
0.04689996248003	0.839159328672537	297.776	6.39	18922.12
0.0639599488320409	1.13741909006473	476.651	8.205	24485.96
0.0916499266800587	1.62665869867304	574.179	11.585	30136.7
0.173939860848111	3.06107755113796	1118.051	23.27	66718.79
0.228499817200146	3.98069681544255	1412.714	27.397	76361.1
0.393529685176252	6.73685461051631	2158.529	47.503	131074.96
0.404429676456259	6.77411458070834	2129.23	47.614	127248.54
0.863599309120553	13.9049888760089	4151.062	135.871	338205.07
1.21087903129677	18.4948052041558	4816.803	198.588	412093.16
1.83459853232117	25.9212392630086	6048.494	276.24	509103.79
3.21320742943406	40.8920072863942	8095.987	434.569	635943.17
3.5929071256743	39.2336686130651	6139.325	410.549	658660.48
7.33352413318069	65.5028475977219	6064.415	729.957	740508.26
8.67643305885355	59.386452490838	5096.258	669.994	738458.28
15.1417578865937	75.9635392291686	8497.174	872.047	730728.96
25.7105694315445	95.353483717213	5179.361	2828.96	753660.91
29.8049061560751	85.5956915234468	5692.817	1048.418	763498.44
41.6427066858347	96.7722425822059	5081.403	2932.052	789571.56
50.8486993210405	99.3368805304956	5045.37	2978.35	809650.41
59.1799826560139	99.9123400701279	5105.06	3044.176	828302.97
66.6666566666747	99.996580002736	5247.353	3065.114	844568.67
72.8642717085826	99.998920000864	5171.989	3095.014	858144.39
78.6521970782423	100.0	5147.81	3127.239	870991.08
