0.000539999568000346	0.00971999222400622	5.737	1.226	275.9
0.000979999216000627	0.0176399858880113	8.89	1.273	414.83
0.00160999871200103	0.0289799768160185	15.182	1.43	616.63
0.00222999821600143	0.0401399678880257	20.012	1.603	817.8
0.00333999732800214	0.0601199519040385	27.594	1.876	1367.35
0.00705999435200452	0.126899898480081	59.83	2.672	3268.7
0.00914999268000586	0.164339868528105	74.742	3.053	3983.24
0.0123999900800079	0.222659821872143	101.169	3.548	5262.31
0.0246299802960158	0.441539646768283	225.593	5.324	9070.43
0.0318899744880204	0.572039542368366	266.248	6.275	12310.41
0.0536799570560344	0.955979235216612	468.246	8.557	20053.38
0.0585499531600375	1.04561916350467	499.718	9.118	21284.14
0.116629906696075	2.06819834544132	1048.158	15.503	44512.85
0.18743985004812	3.30929735256212	1577.8	24.402	65081.76
0.250969799224161	4.3750764999388	2002.917	30.339	84176.98
0.365089707928234	6.25787499370001	3110.152	44.438	116154.51
0.455859635312292	7.61921390462888	3247.582	53.183	129813.26
0.829879336096531	13.3829892936086	5581.418	127.653	310147.33
1.41635886691291	21.6962826429739	8044.708	214.483	441610.78
1.93934844852124	27.4278380577296	8677.693	275.057	528635.37
2.70800783359373	34.2393926084859	10310.59	354.847	603748.56
3.50264719788224	38.3633693093046	6815.355	406.125	654260.07
7.22443422045262	64.2477086018331	8192.581	684.558	740143.19
9.98834200932639	67.7931657654674	6746.089	751.455	730230.36
14.031968774425	70.6740634607492	6476.981	784.562	728545.82
23.6098011121591	85.941651246679	6543.726	1008.665	749357.1
28.4022172782262	82.5520739583408	7592.097	982.815	760286.98
38.4212692629846	91.6827466538027	6492.519	1185.487	782359.58
51.8694685044252	99.8554601156319	5609.512	1268.515	811465.8
59.308982552814	99.931960054432	5666.168	1315.605	828424.5
66.3382869293705	99.985060011952	5674.003	1345.435	843424.86
72.9557516353987	99.999820000144	5645.345	1360.458	858222.16
78.6771470582824	100.0	7254.457	1367.938	870961.16
