0.000989999208000634	0.0178199857440114	9.487	1.245	367.24
0.00151999878400097	0.0273599781120175	13.212	1.425	648.23
0.00152999877600098	0.0275399779680176	13.101	1.455	616.63
0.00286999770400184	0.0516599586720331	27.261	1.758	1234.21
0.00332999733600213	0.0599399520480384	33.623	1.863	1218.54
0.0071799942560046	0.129239896608083	81.126	2.775	2832.72
0.00883999292800566	0.158939872848102	70.21	2.937	3630.24
0.0122899901680079	0.220859823312141	150.613	3.626	4931.12
0.0225399819680144	0.404099676720259	214.675	4.957	8610.91
0.0328899736880211	0.587699529840376	302.715	6.623	12214.66
0.0339999728000218	0.610739511408391	283.765	6.727	12752.21
0.0618199505440396	1.10429911656071	554.2	9.906	20508.6
0.106669914664068	1.8795584963532	962.294	14.616	40957.86
0.127089898328081	2.25539819568144	1206.233	17.218	44975.36
0.276969778424177	4.82201614238709	2165.55	34.752	93435.14
0.28129977496018	4.8356961314431	2258.665	32.556	97911.31
0.520909583272333	8.69795304163757	3791.724	59.902	157010.87
0.909029272776582	14.6532482774014	5882.278	135.05	330927.6
1.02657917873666	15.7557473954021	5817.265	142.539	344134.42
1.85581851534519	26.2632389894088	8285.957	269.107	508167.35
2.95297763761789	37.3911900870479	10102.728	396.236	628775.76
3.01498758800993	33.7251330198936	6568.429	344.386	619566.37
4.63184629452296	42.4850060119952	6097.336	452.067	703439.5
8.72463302029358	59.6674322660542	6316.003	670.879	738221.57
14.9648280281376	75.063359949312	6555.989	851.234	730285.31
25.4896996082403	94.1723246621403	5833.216	1083.733	753300.77
31.1057551153959	88.6182491054007	8355.678	1038.552	766140.48
40.4445576443539	94.8970040823967	6890.19	1177.687	787138.13
51.6879786496171	99.7717601825918	5443.659	1268.797	811393.09
59.5674023460781	99.969940024048	5569.088	1287.521	828536.39
66.2718669825064	99.985420011664	5559.057	1326.412	843810.81
72.9281416574867	99.999820000144	5537.364	1363.381	858193.48
78.6759070592744	100.0	5654.205	1367.656	870975.1
