0.00085999931200055	0.0154799876160099	8.308	1.169	327.55
0.00152999877600098	0.0275399779680176	13.528	1.291	687.7
0.00235999811200151	0.0424799660160272	21.731	1.453	924.07
0.00255999795200164	0.0460799631360295	53.894	1.733	1136.19
0.00517999585600331	0.0932399254080597	43.579	2.079	1913.8
0.00526999578400337	0.0944999244000605	46.552	2.076	2251.94
0.00900999279200577	0.161999870400104	69.8	2.842	3599.51
0.0129299896560083	0.232199814240149	107.419	3.434	5220.47
0.0157599873920101	0.283499773200181	127.49	4.036	5551.12
0.0338899728880217	0.607499514000389	330.395	6.489	12310.41
0.0556199555040356	0.995219203824637	445.919	8.921	21062.74
0.0768799384960492	1.36961890430488	726.823	11.756	31591.9
0.118959904832076	2.11031831174535	942.565	15.796	41901.11
0.133869892904086	2.36033811172951	1199.935	17.243	49482.71
0.245799803360157	4.28219657424274	1942.245	29.407	84127.76
0.262909789672168	4.51799638560289	1969.769	32.793	82848.09
0.373459701232239	6.26759498592401	2721.78	43.76	121735.71
0.790879367296506	12.7490298007762	5280.994	123.556	310280.07
1.33222893421685	20.378323697341	7445.106	202.954	429094.12
1.64054868756105	23.2162014270389	7688.52	225.286	484915.39
2.16288826968938	27.7604777916178	7592.886	273.835	554461.43
4.63785628971497	50.5243395805283	8885.597	533.259	698112.94
5.07634593892325	45.7446234043013	5934.691	471.99	715584.42
10.3973516821187	70.7316634146693	7022.139	760.148	726870.57
15.3361377310898	76.9612784309773	6505.376	861.782	731109.91
24.947470042024	91.5104867916106	6136.786	1028.291	751807.58
34.8421121263103	98.356061315151	5609.004	1166.004	773493.51
40.0163679869056	94.2194846244123	5962.72	1102.786	786298.36
51.2490990007208	99.5325403739677	5545.707	1201.058	809659.7
56.280014975988	99.0764207388634	5626.651	1218.125	820611.68
66.4520668383465	99.989020008784	5438.442	1243.179	843667.41
73.0417015666387	99.999820000144	5487.335	1268.898	858651.53
78.6562170750263	100.0	5567.83	1297.341	870928.05
