0.000779999376000499	0.014039988768009	7.568	1.138	375.17
0.00100999919200065	0.0181799854560116	34.247	1.143	442.57
0.00258999792800166	0.0466199627040298	23.516	1.278	1077.32
0.00329999736000211	0.059399952480038	25.684	1.345	1273.39
0.00444999644000285	0.0800999359200513	35.543	1.444	1843.71
0.00602999517600386	0.108539913168069	53.106	1.63	2527.17
0.00910999271200583	0.163799868960105	76.35	1.923	3630.24
0.00943999244800604	0.169379864496108	77.937	2.007	4040.72
0.0153199877440098	0.275039779968176	126.926	2.564	6210.86
0.0269499784400172	0.48401961278431	242.924	3.87	9432.14
0.0456899634480292	0.816839346528523	373.622	5.831	16958.76
0.0585499531600375	1.04417916465667	614.425	7.057	23174.98
0.0946299242960606	1.67957865633707	765.315	11.247	36119.8
0.190849847320122	3.35915731267415	1541.053	21.789	65328.21
0.247809801752159	4.30901655278676	2031.984	26.953	84127.76
0.270519783584173	4.64345628523497	2181.244	29.003	89610.67
0.35981971214423	6.05033515973187	2676.363	39.486	121735.71
0.876499298800561	14.133948692841	5507.949	126.881	345020.94
1.44360884511292	22.1264822988142	8095.044	205.881	443044.69
1.89052848757721	26.7123386301291	8420.489	279.847	510572.3
2.51384798892161	31.8263145389484	8756.842	327.206	590498.93
3.38611729110617	37.2380102095918	6577.204	390.512	647826.07
6.77342458126034	59.7324122140702	6897.894	637.202	738542.72
10.7890913687269	73.8953408837273	6952.798	792.69	725451.71
14.7295382163694	73.8982208814233	6446.802	823.441	729914.73
25.6079295136564	94.8329241336607	5731.264	2221.257	753429.65
33.7928029657576	95.4044236764611	5679.61	2249.53	771853.44
43.4609052312758	99.3215805427356	5246.477	2128.046	792669.17
51.3041989566408	99.5892403286077	5241.543	2142.171	810487.98
58.8531429174857	99.8554601156319	5275.002	2164.278	827543.7
66.4201168639065	99.990820007344	5383.997	2212.899	844036.8
73.0692215446228	99.999820000144	5316.939	2245.699	858649.07
78.6525070779943	100.0	5459.154	2271.347	870920.34
