0.000869999304000557	0.01565998747201	7.746	0.908	327.55
0.0014099988720009	0.0253799796960162	12.156	0.989	577.12
0.00227999817600146	0.0410399671680263	18.866	1.085	931.94
0.00243999804800156	0.0439199648640281	25.633	1.148	916.2
0.00404999676000259	0.0728999416800467	41.95	1.251	1863.19
0.00798999360800511	0.143459885232092	63.365	1.679	2848.17
0.00894999284000573	0.161099871120103	94.779	1.749	2998.87
0.0117199906240075	0.210419831664135	96.706	2.021	4350.94
0.0162899869680104	0.291959766432187	156.948	2.48	5551.12
0.023499981200015	0.420659663472269	188.725	3.268	9219.66
0.039129968696025	0.700019439984448	348.712	5.038	15043.74
0.0813399349280521	1.45097883921693	690.392	9.689	27692.36
0.0963999228800617	1.70927863257709	857.106	10.818	36177.99
0.14100988719209	2.48093801524959	1163.48	16.33	52582.59
0.243279805376156	4.22945661643471	2048.996	25.857	81496.13
0.319689744248205	5.4696556242755	2400.631	36.203	108390.31
0.361179711056231	6.07247514201989	2670.881	38.926	121735.71
0.956349234920612	15.4686476250819	6359.314	137.578	344608.31
0.962439230048616	14.8148881480895	5446.243	130.254	359689.15
1.31953894436884	18.9212248630201	6262.035	181.697	410756.4
2.61411790870567	33.0719135424692	8548.408	329.957	596497.35
4.09266672586662	44.3418845264924	7437.286	449.312	685055.18
7.11041431166855	63.0775295379764	7367.26	715.381	739544.72
8.60242311806151	58.9533728373017	6037.641	611.431	738734.79
14.5383783692973	72.9611416310867	6501.087	800.553	729539.53
19.9855140115888	74.3647805081756	6273.385	828.416	741699.22
32.5327139738288	92.0990863207309	6100.058	1048.701	769261.84
40.0925979259217	94.3442245246204	5975.166	2287.988	786467.05
50.7334094132725	99.2263606189115	5322.273	2101.706	808466.67
58.8426729258617	99.8533001173599	5221.552	2100.12	827519.77
65.685427451658	99.95770003384	5269.813	2129.013	842479.8
72.7234718212225	99.998920000864	5230.222	2142.401	857884.71
78.6545670763463	100.0	5376.268	2188.05	870926.89
