0.000769999384000493	0.0138599889120089	7.481	1.074	375.17
0.00114999908000074	0.0206999834400132	10.37	1.162	466.34
0.001559998752001	0.028079977536018	17.789	1.235	616.63
0.00375999699200241	0.0676799458560433	29.834	1.742	1433.85
0.00472999621600303	0.0851399318880545	38.817	2.057	1979.95
0.00536999570400344	0.0966599226720619	46.592	2.168	2251.94
0.010929991256007	0.196379842896126	147.495	3.172	4687.08
0.0170099863920109	0.305999755200196	152.612	4.023	6611.5
0.021809982552014	0.39113968708825	183.601	5.072	8767.92
0.0239499808400153	0.430199655840275	189.174	5.146	8958.42
0.0556599554720356	0.992879205696635	452.738	8.734	21105.6
0.0617499506000395	1.10321911742471	484.492	9.74	24676.81
0.0807599353920517	1.43639885088092	723.386	11.707	29475.15
0.138619889104089	2.44313804548956	1311.388	18.842	43945.09
0.235169811864151	4.08311673350661	1902.793	27.832	81861.96
0.37472970021624	6.41663486669211	3026.977	45.032	119787.72
0.549869560104352	9.19241264606988	4160.506	61.629	163007.45
0.661759470592424	10.7035114371908	4338.272	74.638	276100.1
1.37405890075288	21.0853631317095	7613.344	213.076	416893.8
2.17578825936939	30.9248752600998	10276.952	322.32	548704.94
2.59722792221766	32.810913751269	8671.018	341.366	596396.05
4.34136652690678	47.0748223401421	8336.55	477.044	697739.96
6.73276461378831	59.342892525686	7185.058	668.811	738404.65
9.76620218703825	66.2568669945064	6607.812	712.621	731338.71
15.0394179684656	75.4456796434563	7478.327	827.194	730456.84
24.1668506665195	88.1507894793684	6607.605	989.324	750366.19
31.7750045799963	90.2060278351777	6252.352	1051.068	767712.66
41.5420467663626	96.6124027100778	5774.616	1137.985	789386.76
51.8286285370972	99.8293601365119	5512.782	1203.406	811577.48
58.8040329567736	99.8423201261439	5493.595	1228.812	826102.97
66.1004371196503	99.97840001728	6472.681	1243.803	843418.6
73.0058215953427	99.999640000288	5567.943	1288.221	858570.9
78.6735670611464	100.0	5457.239	1285.142	870950.26
