0.000709999432000454	0.0127799897760082	3.135	0.907	315.63
0.00126999898400081	0.0228599817120146	4.741	0.949	537.58
0.00170999863200109	0.0307799753760197	5.021	1.007	707.43
0.00275999779200177	0.0496799602560318	7.8	1.105	1124.42
0.00497999601600319	0.0896399282880574	10.793	1.289	1902.12
0.00790999367200506	0.142199886240091	19.073	1.539	2848.17
0.00844999324000541	0.152099878320097	17.648	1.573	2998.87
0.0108199913440069	0.194579844336125	21.675	1.826	4247.49
0.0216599826720139	0.388799688960249	43.434	2.843	8603.43
0.029699976240019	0.533159573472341	79.19	3.848	11473.19
0.0560499551600359	1.00241919806464	121.921	6.644	21105.6
0.0811299350960519	1.44773884180893	160.036	9.542	27692.36
0.121309902952078	2.15225827819338	259.294	12.875	42022.56
0.132639893888085	2.3387381290095	290.02	14.089	49482.71
0.256229795016164	4.45913643269085	448.784	27.818	84176.98
0.333819732944214	5.72003542397166	612.023	37.142	117648.05
0.53182957453634	8.87417290066168	894.432	55.644	166235.54
0.715569427544458	11.5536507570794	1089.471	73.162	290943.3
1.07218914224869	16.4269668584265	1442.467	141.802	384485.89
2.09060832751334	29.645796283363	2334.437	308.21	528973.03
3.09344752524198	34.4933724053021	1899.577	342.208	627266.28
3.2833673733061	41.9291664566668	2776.878	442.594	636636.67
7.31743414605268	65.2832477734018	2332.513	691.694	740446.39
11.0459711632231	76.1116791106567	2151.756	794.777	722001.38
15.3078577537138	76.8097185522252	2135.419	843.631	731076.61
24.8466701226639	91.0541871566503	2534.906	982.463	751679.83
29.1799066560747	84.2136526290779	2404.976	960.82	762051.83
38.2184894252085	91.3627069098345	2612.394	1067.691	781874.92
51.7955885635292	99.8227001418399	2835.314	1492.634	810715.6
56.5058847952922	99.1608406713275	2847.139	1496.793	821144.19
66.2291170167064	99.983440013248	2882.465	1502.608	843722.57
72.7539417968466	99.998020001584	2902.727	1547.666	857859.61
78.6764670588263	100.0	2978.8	1584.52	870958.73
