0.000569999544000365	0.0102599917920066	3.114	1.16	236.12
0.00130999895200084	0.0235799811360151	4.367	1.357	474.26
0.00207999833600133	0.037439970048024	5.841	1.591	849.3
0.00345999723200221	0.0622799501760399	8.236	1.834	1433.85
0.00351999718400225	0.0633599493120405	16.227	1.856	1218.54
0.00560999551200359	0.100799919360065	13.121	2.401	2088.82
0.00963999228800617	0.173519861184111	23.914	3.016	4090.51
0.0154999876000099	0.277919777664178	40.711	3.919	6539.75
0.0159399872480102	0.286199771040183	31.417	3.886	5551.12
0.0246199803040158	0.441539646768283	62.228	5.222	10169
0.0523999580800335	0.935459251632599	107.78	8.653	20837.64
0.0643399485280412	1.14803908156873	152.772	9.38	24485.96
0.0933799252960598	1.65761867390506	185.166	13.708	36177.99
0.159569872344102	2.8049377560498	312.506	20.67	58778.98
0.238479809216153	4.10759671392263	412.103	29.545	85572.92
0.241559806752155	4.19939664048269	471.2	29.313	83949.23
0.61007951193639	10.1996918402465	1194.499	70.028	173751.03
0.840989327208538	13.5376091699127	1395.735	128.496	317333.68
1.21977902417678	18.6051451158839	1567.095	187.872	411663.46
1.47294882164094	21.0022031982374	1716.308	208.641	462676.36
3.22131742294606	41.0482471614023	2741.074	414.424	636181.42
3.66943706445035	39.9819280144576	2091.723	418.699	666405.01
7.15157427874058	63.5363491709207	2336.951	679.653	739863.37
11.0544811564151	76.1926790458568	2387.277	833.621	721955.84
12.8522097182322	65.7012074390341	1923.68	740.603	726015.99
20.6506434794852	76.2463190029448	2177.474	873.6	743296.68
31.8807044954364	90.4558676353059	2592.474	1071.765	767890.58
43.3646253082998	99.2027806377755	2811.943	1205.891	792612.5
49.3181605454716	98.2435614051509	2863.751	1246.972	806557.3
59.368872504902	99.9415000468	2938.739	1311.826	827851.01
66.6935466451627	99.99640000288	3000.607	1343.373	844514.66
73.0455315635748	99.999820000144	3017.857	1354.933	858458.76
78.6657370674103	100.0	3024.516	1379.598	870951.82
