0.000919999264000589	0.0165599867520106	3.613	1.115	327.55
0.00125999899200081	0.0226799818560145	4.207	1.152	466.34
0.00225999819200145	0.040679967456026	6.857	1.236	1010.56
0.00256999794400164	0.0462599629920296	7.023	1.277	1077.32
0.00404999676000259	0.0727199418240465	11.227	1.474	1683.9
0.00475999619200305	0.0856799314560548	12.38	1.482	1937.15
0.00991999206400635	0.178019857584114	20.713	1.951	4067.53
0.0128399897280082	0.230579815536148	27.469	2.169	5262.31
0.017169986264011	0.308159753472197	41.81	2.759	7203.67
0.0316299746960202	0.566099547120362	62.032	4.112	12814.69
0.0550099559920352	0.98369921304063	111.503	6.484	21062.74
0.064049948760041	1.14119908704073	133.133	7.399	24676.81
0.116379906896074	2.05757835393732	229.867	12.693	44512.85
0.165419867664106	2.91383766892986	304.785	18.607	57149.32
0.245309803752157	4.27373658101074	503.052	26.912	81496.13
0.418959664832268	7.1917142466286	762.578	46.195	132305.64
0.595609523512381	9.63791228967017	882.782	63.761	171428.77
0.615639507488394	10.2986917610466	999.647	67.576	175344.61
1.30111895910483	19.8950240839807	1760.804	192.435	438556.06
1.39059888752089	19.9195040643967	1631.424	194.811	439574.03
1.98213841428927	25.6505194795844	1742.887	269.111	514118.68
4.70713623429101	51.3145389483688	2507.932	525.828	701196.93
7.41181407054874	66.3250869399304	2312.456	703.278	740641.4
11.1453510837191	77.1261582990734	2223.182	848.162	721435.86
16.8772464982028	86.5451907638474	2439.042	974.961	733964.21
25.3320197343842	93.3931052855158	2667.759	1300.581	752911.16
29.5493963604829	85.0297719761824	2412.166	1007.809	762834.84
37.8880896895283	90.8147873481701	2641.504	1083.163	781157.29
51.1672890661687	99.4875404099677	2856.85	1633.529	809483.11
59.5845723323421	99.97120002304	2935.457	1603.429	828594.95
66.6447066842346	99.99640000288	2986.614	1659.897	844401.08
73.0090915927267	99.999820000144	2985.726	1706.771	858302.87
78.6550770759383	100.0	3003.756	1976.707	870991.38
