0.000949999240000608	0.0170999863200109	3.692	1.259	347.4
0.00164999868000106	0.029699976240019	5.057	1.421	742.92
0.0024999980000016	0.0449999640000288	7.146	1.643	998.77
0.00260999791200167	0.0469799624160301	7.466	1.642	1245.97
0.0048499961200031	0.0872999301600559	10.828	2.108	2193.71
0.00756999394400484	0.136079891136087	16.209	2.634	2952.56
0.0106599914720068	0.191699846640123	39.446	3.482	4289.74
0.0168399865280108	0.302759757792194	47.017	4.281	6282.73
0.018799984960012	0.337679729856216	37.27	4.434	7684.97
0.0329999736000211	0.591659526672379	65.612	5.891	12983.68
0.0337999729600216	0.606059515152388	66.91	6.263	12752.21
0.0678099457520434	1.20779903376077	154.112	10.403	24853.4
0.101819918544065	1.80701855438516	218.413	14.087	36427.84
0.14117988705609	2.48543801164959	263.934	18.948	52582.59
0.243769804984156	4.24619660304272	501.398	29.827	81496.13
0.256939794448164	4.41305646955482	449.091	30.026	80920.36
0.60931951254439	10.2090518327585	5663.294	72.012	169398.51
0.915279267776586	14.7626881898494	1453.761	135.383	330424.72
1.29553896356883	19.8016041587167	1706.381	199.539	429449.65
1.65421867662506	23.363981308815	1987.027	226.898	488460.02
2.59307792553766	32.754033796773	2092.345	336.443	595870.11
4.24404660476272	45.9951832038534	2323.016	482.053	691647.85
5.99470520423584	52.8398577281138	1902.483	556.575	732953.13
10.4581016335187	71.2302630157896	2102.715	791.654	726205.35
16.9903164077469	87.442490046008	2462.125	973.633	734163.25
25.1187199050241	92.3174261460591	2607.741	1084.041	752266.92
29.3032165574268	84.4863524109181	2407.33	1014.583	762313.55
43.3194053444757	99.1446406842875	2815.506	1216.743	792451.82
51.7548985960811	99.8014601588319	3311.442	1251.999	810612.3
59.5592923525661	99.964720028224	2933.131	1330.523	828269.86
66.6146367082906	99.995680003456	2980.885	1346.837	844262.85
72.9712916229667	99.999460000432	3017.731	1374.233	858513.64
78.6626470698823	100.0	3062.96	1391.909	870941.43
