0.000659999472000422	0.0118799904960076	2.961	1.037	291.79
0.00158999872800102	0.0286199771040183	5.052	1.212	620.58
0.00259999792000166	0.04679996256003	10.132	1.268	963.39
0.00337999729600216	0.0608399513280389	8.243	1.33	1429.94
0.00450999639200289	0.0809999352000518	10.519	1.455	1902.12
0.00525999579200337	0.0946799242560606	11.321	1.637	2251.94
0.0100299919760064	0.180539855568116	49.23	1.958	4090.51
0.0159799872160102	0.287459770032184	37.136	2.477	6282.73
0.021859982512014	0.392399686080251	43.488	3.07	8240.12
0.0252499798000162	0.45305963755229	50.696	3.544	9644.42
0.054719956224035	0.977939217648626	108.436	6.508	20035.46
0.0840699327440538	1.49759880192096	161.459	9.859	30790.62
0.115119907904074	2.04497836401731	213.812	13.042	40341.15
0.170949863240109	3.01085759131393	404.797	19.414	66111.45
0.260119791904166	4.5284363772509	492.558	29.702	92424.22
0.357059714352228	6.11009511192391	700.528	39.775	120334.03
0.60955951235239	10.1903318477345	1120.755	66.233	171645.02
0.786339370928503	12.6498498801201	1208.746	116.122	305343.39
1.36980890415288	20.9698032241574	1844.212	199.497	424077.56
2.11982830413736	30.0466559626752	2350.84	306.211	540317.05
3.27023738381009	41.7011066391147	2680.43	439.924	637787.21
4.74475620419504	51.7796585762731	2562.383	535.008	703109.69
4.86192611045911	44.1633246693403	1789.375	459.371	707354.32
7.76484378812497	54.2897565681947	1811.361	585.405	741040.45
16.3351769318585	82.756013795189	2325.364	908.102	732760.15
20.7834433732453	76.636198691041	2124.123	867.385	743586.66
33.4297832561734	94.4360244511804	2679.281	1418.632	771321.67
42.6214559028353	98.1821814542548	2811.855	1504.102	791346.05
51.1885890491288	99.5273203781437	2861.79	1562.713	810327.7
59.2094626324299	99.916840066528	2885.372	1628.773	828335.76
65.623757500994	99.952120038304	2940.189	1700.444	841555.81
72.7903317677346	99.99910000072	3013.443	1732.036	858037.68
78.6775270579784	100.0	3039.383	1744.422	870966.3
