0.000899999280000576	0.0161999870400104	6.324	0.942	54.66
0.00119999904000077	0.0215999827200138	8.189	0.953	60.61
0.00283999772800182	0.0511199591040327	18.27	1.085	144.16
0.00328999736800211	0.0592199526240379	18.75	1.17	163.66
0.00549999560000352	0.0988199209440632	31.386	1.285	254.58
0.00897999281600575	0.161279870976103	82.584	1.611	410.83
0.0120399903680077	0.216359826912138	72.611	1.859	577.69
0.014119988704009	0.253079797536162	92.774	2.029	750.93
0.0170399863680109	0.304919756064195	149.581	2.262	757.31
0.0321899742480206	0.571499542800366	215.729	3.637	1678.71
0.0404799676160259	0.722879421696463	302.928	4.337	1961.16
0.0783999372800502	1.37861889710488	459.25	7.95	3722.18
0.123569901144079	2.11085831131335	675.725	11.108	5614.68
0.139469888424089	2.43197805441756	930.146	12.798	6687.79
0.300589759528192	4.9969760024192	2093.819	26.041	14300.93
0.414149668680265	6.60473471621223	2281.333	36.256	18215.4
0.48436961250431	7.27811417750866	2642.859	43.59	22875.62
0.87431930054456	10.979631216295	3536.43	69.825	39958.29
1.02314918148065	14.3607485114012	9334.035	84.573	43055.26
2.35776811378551	25.3270597383522	8019.531	190.056	102344.36
3.5911871270503	32.0529343576525	9242.362	278.745	137390.2
5.37191570246744	37.0680903455277	10514.453	404.624	186226.05
8.07461354030917	42.5634859492112	12162.842	570.661	245848.02
10.7222814221749	36.7156506274795	10373.133	704.835	290871.64
18.2130954295237	54.5457163634269	15656.41	1247.165	382466.98
27.2990981607215	63.2325094139925	18752.155	1829.731	490988.72
37.0559003552797	69.9553240357408	20663.798	2450.332	608606.77
44.6777242578206	68.6352050918359	20990.79	2890.57	701896.92
57.1831842534526	91.4917668065866	27373.512	3818.33	854105.29
66.4491168407065	94.8608241113407	28550.309	4765.544	965549.46
75.3365397307682	98.408441273247	30975.803	6786.743	1080621.91
83.4375232499814	99.8772400982079	56363.969	8603.511	1175354.64
90.584277532578	100.0	31748.808	9631.572	1264778.71
