0.00110999911200071	0.0199799840160128	7.31	0.924	55.5
0.00158999872800102	0.0286199771040183	10.945	0.982	96.22
0.00235999811200151	0.0422999661600271	13.711	1.079	112.34
0.00313999748800201	0.0565199547840362	18.397	1.148	145.01
0.0057799953760037	0.104039916768067	32.897	1.338	254.58
0.00966999226400619	0.173339861328111	103.238	1.72	466.42
0.0129699896240083	0.232739813808149	80.099	2.079	592.13
0.0190799847360122	0.342359726112219	105.411	2.46	856.98
0.0273599781120175	0.488699609040313	256.536	3.206	1343.63
0.0369599704320237	0.657539473968421	212.835	3.989	2079.94
0.0425299659760272	0.751499398800481	247.879	4.739	2098.25
0.0939499248400601	1.65419867664106	763.245	8.965	4218.87
0.115689907448074	2.01275838979329	727.805	10.712	5151.44
0.206529834776132	3.53357717313826	1264.519	19.442	10503.13
0.244879804096157	4.05143675885059	1486.536	21.712	10436
0.423929660856271	6.77483458013234	2434.999	35.921	18215.4
0.707059434352453	10.7994513604389	6001.045	59.513	30547.73
1.03082917533666	14.4979084016733	5245.577	88.374	43625.9
1.50748879400896	18.800804959356	6178.701	122.154	63735.31
2.3394781284175	25.1567798745761	8069.298	187.876	99219.84
3.57412714069829	31.5969947224042	9106.026	269.299	136745.49
5.38277569377945	37.6350898919281	10409.067	402.879	183110.71
8.07575353939717	42.6605058715953	12557.339	580.944	246827.37
11.9258504593196	44.8673041061567	12342.975	805.737	307682.35
18.2034454372437	54.5055763955389	19445.937	1244.415	382494.79
27.2953381637295	63.2040694367444	18371.026	1894.075	491017.36
37.3097201522239	73.479361216511	21534.508	2540.674	611715.51
44.1722446622043	67.4092260726191	20697.604	2924.02	695380.77
57.1032643173885	90.5487475610019	26914.917	3898.082	852357.71
64.6602982717614	88.5302291758167	27170.134	4240.639	944596.18
75.0882799293761	98.0254015796787	30117.452	7432.025	1070777.54
84.1255426995658	99.989560008352	31072.913	8619.959	1185591.98
90.591607526714	99.999820000144	31304.777	9623.556	1264791.68
