0.000539999568000346	0.00971999222400622	4.588	1.15	34.74
0.00224999820000144	0.0404999676000259	14.935	1.529	99.17
0.00245999803200157	0.0442799645760283	15.023	1.592	124.2
0.00302999757600194	0.0545399563680349	31.655	1.839	169.61
0.00570999543200365	0.102779917776066	35.738	2.367	273.23
0.0073499941200047	0.131759894592084	68.113	2.64	306.74
0.0111099911120071	0.199439840448128	65.071	3.194	518.17
0.0190099847920122	0.341099727120218	157.784	4.558	872.26
0.0211899830480136	0.379079696736243	132.078	4.501	1032.77
0.042259966192027	0.752759397792482	272.49	6.576	1999.79
0.0632899493680405	1.11869910504072	397.203	8.395	2825.09
0.0745399403680477	1.30859895312084	522.806	9.632	3142.23
0.125929899256081	2.1925782459374	762.027	14.518	5531.33
0.211049831160135	3.61007711193831	1445.112	22.265	10503.13
0.233369813304149	3.86333690933047	1485.5	23.299	11578.65
0.42120966303227	6.7229946216043	2728.427	44.247	18215.4
0.708849432920454	10.8433713253029	4023.457	67.497	30538.79
0.876849298520561	12.1238903008878	4316.243	77.537	38745.87
1.32921893662485	16.2820669743464	5780.265	122.049	57417.23
2.31906814474548	24.8813800948959	8179.368	198.591	92934.92
2.74637780289776	22.7066218347025	6913.993	215.97	110325.28
5.37913569669144	37.6246499002801	12269.112	425.352	182950.9
7.00632439494048	32.751513798789	9660.465	520.872	227632.03
11.9015004787996	44.5442043646365	12823.906	885.651	307060.34
18.0823355341316	52.5261179791056	15340.976	1296.741	380194.98
26.1783290573368	53.8829568936345	16441.326	1816.137	476684.06
33.8416929266457	56.6052747157802	17389.227	2288.16	569309.01
44.8258941392847	69.0382247694202	21895.247	3060.407	703785.89
57.1885742491406	91.5301067759146	27923.511	3998.246	854019.02
65.7084774332181	91.5920267263786	29418.302	4633.76	964148.29
75.4658096273523	98.7065210347832	30567.836	5231.923	1073845.02
83.8965428827657	99.965080027936	32341.941	5715.076	1184409.11
90.59793752165	99.999820000144	31997.357	6068.856	1264811.76
