0.0010899991280007	0.0196199843040126	7.522	0.944	52.55
0.00119999904000077	0.0215999827200138	12.682	0.933	72.88
0.00227999817600146	0.0410399671680263	13.407	1.056	106.39
0.00400999679200257	0.0721799422560462	22.869	1.129	184.2
0.0053199957440034	0.0957599233920613	29.664	1.223	271.97
0.00873999300800559	0.1569598744321	50.33	1.517	437.12
0.0122299902160078	0.219599824320141	72.141	1.84	637.07
0.0192199846240123	0.34397972481622	113.831	2.45	859.93
0.0252899797680162	0.45251963798429	185.467	3.074	1111.84
0.0345199723840221	0.60929951256039	250.275	3.686	1678.71
0.0418599665120268	0.747539401968478	261.751	4.339	1875.32
0.0922799261760591	1.62395870083304	528.943	8.388	4360.61
0.117079906336075	2.0269783784173	682.314	10.635	5561.01
0.198939840848127	3.40127727897818	1254.568	18.318	9620.2
0.298709761032191	4.97411602070718	1771.863	26.804	13384.87
0.408999672800262	6.54785476171619	2325.165	34.395	20370.06
0.650949479240417	9.82655213875829	3363.445	57.807	30415.31
1.06381914894468	15.0847079322337	5161.423	91.336	44661.42
1.59381872494502	20.256103795117	6980.573	134.746	64903.21
2.15341827726538	22.5489419608464	6886.669	172.517	92043.08
3.20430743655405	26.9263584589132	7810.271	254.713	128378.24
5.37773569781144	37.2682501853999	10580.485	428.596	188252.32
8.07182354254117	42.6727458618033	12116.415	637.834	246015.88
10.6324214940628	36.3315309347753	9962.451	778.385	290198.27
18.0790455367636	52.4978580017136	14725.845	1388.985	380130.58
27.0597583521933	60.2124718300225	17639.887	2082.169	489538.6
37.3075301539759	73.439041248767	23280.931	2899.004	611401.91
45.7175634259493	71.884022492782	22282.165	3426.136	712085.54
56.3863148909481	84.9160120671904	26491.714	4290.796	842954.79
66.7660265871787	96.4730828215337	30607.084	5521.745	975161.31
75.9248992600806	99.5077003938397	31229.131	8448.003	1083619.61
82.880393695685	99.7201002239198	32256.455	8986.349	1168626.97
90.586077531138	100.0	33587.664	10318.003	1264780.33
