0.00102999917600066	0.0185399851680119	9.052	1.032	57.6
0.00103999916800067	0.018719985024012	9.187	1.075	60.19
0.00238999808800153	0.0430199655840275	19.801	1.2	106.39
0.00410999671200263	0.0739799408160473	34.86	1.329	194.37
0.00532999573600341	0.0948599241120607	41.701	1.415	271.97
0.00849999320000544	0.152639877888098	68.807	1.693	412.1
0.0129099896720083	0.231299814960148	100.785	2.068	600.19
0.0182899853680117	0.32813973748821	159.966	2.457	911.05
0.0221799822560142	0.395819683344253	171.425	2.763	944.98
0.0413399669280265	0.736559410752471	375.563	4.238	1999.79
0.0617899505680395	1.0864791308167	557.954	6.019	3124.41
0.0629899496080403	1.11887910489672	510.903	6.084	2836.11
0.107849913720069	1.84985852011318	939.06	9.327	5018.4
0.134679892256086	2.3434181252655	1130.521	11.638	6107.29
0.313579749136201	5.24591580326736	2481.68	25.183	14210.57
0.352099718320225	5.60249551800359	2699.898	28.421	16426.97
0.555129555896355	8.31671334662932	4229.503	43.143	23780.96
1.06078915136868	15.0067679945856	7072.267	82.104	44770.24
1.60044871964102	20.1851838518529	9646.524	123.836	66149.81
2.29169816664147	24.4715204227837	11416.624	171.275	91526
3.5887471290023	32.0581543534765	13521.979	267.668	132192.1
4.47617641905886	28.2515173987861	11586.608	299.797	160793.7
8.05855355315716	42.112586309931	17605.255	555.53	251087.77
12.1032803173757	47.5055619955504	19742.528	824.773	306563.47
16.0640171487863	40.7526873978501	17271.715	1026.143	359155.92
27.2526081979134	62.522589981928	27242.251	1831.362	492704.53
37.2857801713759	73.0707615433908	31402.16	2478.704	611232.62
46.4722128222297	75.4091396726883	33247.493	3072.07	721637.5
56.19952504038	83.9301528558777	37696.321	3672.27	840163.05
65.9242372606102	92.3980660815471	41739.293	5251.636	966439.95
73.9490808407353	95.9879832096134	43333.06	6426.369	1056180.72
83.3894732884214	99.8623001101599	46280.526	16720.618	1177922
90.564007548794	100.0	46719.401	20439.235	1264740.27
