0.000989999208000634	0.0178199857440114	9.143	1.112	57.18
0.00138999888800089	0.025019979984016	17.76	1.162	88.58
0.00237999809600152	0.0426599658720273	19.005	1.37	106.39
0.0039099968720025	0.0701999438400449	33.029	1.795	170.45
0.00433999652800278	0.0779399376480499	43.308	1.85	227.87
0.0079699936240051	0.142919885664091	67.473	2.51	380.75
0.0131699894640084	0.236159811072151	131.004	3.355	600.19
0.0168599865120108	0.302579757936194	151.848	3.737	847.24
0.0272999781600175	0.488339609328313	249.746	5.206	1266.87
0.0410699671440263	0.730259415792467	388.922	6.493	1885.91
0.0590799527360378	1.03715917027266	488.658	7.465	2520.46
0.0614599508320393	1.0861191311047	580.065	8.153	2695.08
0.14113988708809	2.45015803987357	1173.041	14.234	6385.55
0.161909870472104	2.75129779896176	1376.034	16.13	7008.33
0.223379821296143	3.68999704800236	1867.404	20.526	12334.24
0.474979620016304	7.6512538789969	3862.016	41.691	21809.45
0.664539468368425	10.0616319506944	5190.496	57.015	28176.95
0.778819376944498	10.7468914024869	5494.567	63.701	39540.21
1.12341910126472	13.7267890185688	6419.41	89.779	55099.98
2.39425808459353	26.0636191491047	13100.634	189.61	92887.19
3.03155757475394	25.2150998279201	10728.758	223.744	119650.45
3.56372714901828	22.9769816184147	9807.503	250.601	138508.77
7.00791439366848	32.762133790293	13528.187	493.033	227673.16
11.1508710793031	38.8688089049529	16433.608	763.661	298386.32
18.0730355415716	52.4082180734255	22817.449	1285.203	379925.94
24.8751400998879	49.1732606613915	22277.965	1673.517	464743.9
37.3025601579519	73.403041277567	34635.448	2619.034	611002.1
47.1794822564142	81.4132148694281	37779.731	3237.345	731591.29
57.0056743954605	89.5020483983613	40596.478	3890.099	852771
66.8939264848588	97.5140219887824	44688.309	4603.162	971428.24
75.6748094601524	99.0838007329594	46226.107	5159.671	1076924.81
83.8254029396776	99.953560037152	46633.643	5601.421	1183600.41
90.579427536458	99.999820000144	46748.871	6083.099	1264816.58
