0.00101999918400065	0.0183599853120118	7.704	1.11	52.13
0.00117999905600076	0.0212399830080136	8.041	1.124	60.19
0.00279999776000179	0.0503999596800323	16.67	1.458	129.73
0.00400999679200257	0.0721799422560462	27.166	1.784	191
0.00455999635200292	0.0818999344800524	28.312	1.86	253.74
0.00542999565600348	0.0971999222400622	31.925	2.008	246.1
0.00996999202400638	0.178739857008114	57.963	2.705	442.23
0.0151199879040097	0.269999784000173	104.509	3.832	750.93
0.0177599857920114	0.318779744976204	118.122	3.833	818.36
0.0326099739120209	0.579779536176371	217.321	5.735	1546.62
0.06252994997604	1.11167911065671	376.841	8.156	2804.54
0.092229926216059	1.62287870169704	565.793	11.653	4360.61
0.139799888160089	2.43413805268956	848.072	15.155	6581.89
0.211239831008135	3.61529710776231	1292.75	21.949	9897.15
0.29685976251219	4.94621604302717	1775.753	29.727	12834.19
0.340139727888218	5.42087566329947	1920.105	33.277	18990.83
0.650879479296417	9.8490521207583	3593.18	63.019	30073.34
1.06719914624068	15.0632879493696	5293.576	102.462	44372.76
1.21794902564078	14.8357681313855	5029.612	107.693	50298.93
1.65262867789706	17.159026272779	5303.13	140.383	77024.41
2.35197811841751	19.7755041795967	5642.788	191.33	96918.73
5.13397589281929	34.0086327930938	9714.641	417.048	176633.9
6.57732473814021	30.5483155613476	8803.63	525.743	220167.26
12.1088503129197	47.8378417297266	13836.764	985.769	308006.46
18.1461454830836	53.5375371699703	16133.94	1487.053	380339.25
24.5836003331197	48.383961292831	14646.473	1921.647	461239.27
37.2539801968158	72.4472420422064	22512.796	3004.844	610858.97
45.240873807301	70.261323790941	22081.588	3519.899	708424.3
56.5896847282522	86.1668310665352	27454.091	4470.705	845815.37
66.7603665917067	96.4403228477417	30520.455	5213.317	975101.46
75.9782892173686	99.5905003275997	31835.684	5896.786	1086071.37
84.0495727603418	99.982720013824	35126.036	6453.033	1186599.75
90.586657530674	99.999820000144	32901.838	6929.224	1264863.78
