0.000939999248000602	0.0169199864640108	40.827	0.954	54.66
0.00181999854400116	0.032759973792021	19.941	0.977	85.63
0.0028199977440018	0.0507599593920325	21.111	1.071	157.7
0.00326999738400209	0.0586799530560376	31.859	1.076	152.23
0.00576999538400369	0.103859916912066	46.218	1.28	293.2
0.00846999322400542	0.152459878032098	74.312	1.515	423.16
0.0118699905040076	0.213119829504136	97.124	1.753	546.35
0.0170799863360109	0.306719754624196	151.826	2.19	839.6
0.0279799776160179	0.50039959968032	256.035	3.195	1267.29
0.0378499697200242	0.675179459856432	316.753	3.75	1846.45
0.0616499506800395	1.0931391254887	518.246	5.792	3009.83
0.0894699284240573	1.57175874259301	707.88	7.849	4007.17
0.139049888760089	2.42279806176155	1152.197	11.681	6299.81
0.188959848832121	3.22289742168206	1590.668	15.975	10299.86
0.3123297501362	5.20145583883533	2560.509	25.291	15695.49
0.316909746472203	5.05151595878723	2405.719	24.793	15431.86
0.412639669888264	6.247435002052	3038.23	31.29	18452.18
1.06641914686468	15.0528479577216	7044.209	81.055	45578.07
1.59803872156902	20.263303789357	9470.383	121.142	66040.01
1.68665865067308	17.4729460216432	7640.139	120.683	78640.57
3.34416732466614	28.4894772084182	11871.968	234.252	129521.42
5.25013579989136	35.4725716219427	14734.095	362.29	186196.15
5.82079534336373	27.3948980840815	11796.167	369.877	198474.54
11.3969808824153	40.3169077464738	16793.662	732.62	302443.61
17.9443256445395	50.8744393004486	21214.263	1181.974	377775.55
24.3424505260396	47.7586417930866	21067.309	1513.583	458081.14
37.2946701642639	73.1758814592948	31629.044	2484.099	611691.63
47.2574821940142	82.846373722901	37314.419	3127.96	733593.43
57.1361542910766	90.9231472614822	40567.481	3764.266	853285.39
66.8516765186588	97.2715621827503	43720.156	6432.801	969707.65
75.9107092714326	99.4598204321437	45727.032	14295.18	1085391.05
83.7171630262696	99.937720049824	46708.468	16982.465	1182276.04
90.558407553274	100.0	47488.466	20424.599	1264732.45
