0.00103999916800067	0.018719985024012	3.529	1.121	57.6
0.00103999916800067	0.018719985024012	3.454	1.088	60.19
0.00246999802400158	0.0444599644320285	8.142	1.44	153.49
0.00373999700800239	0.0673199461440431	9.909	1.634	202
0.00472999621600303	0.0851399318880545	10.099	1.803	246.1
0.0054699956240035	0.098459921232063	12.205	2.006	243.99
0.0102999917600066	0.185039851968118	21.103	2.642	442.23
0.0139599888320089	0.25001979998416	28.73	3.024	642.6
0.025019979984016	0.446759642592286	86.618	4.399	1348.32
0.0320499743600205	0.570779543376365	60.623	5.118	1414.24
0.0596699522640382	1.05803915356868	126.22	7.548	2603.22
0.0907399274080581	1.59911872070502	191.911	10.201	4727.01
0.0974299220560624	1.69235864611308	180.241	10.372	4672.5
0.212559829952136	3.62735709811432	423.732	20.485	9378.27
0.23373981300815	3.87251690198648	503.666	21.83	10524.4
0.326529738776209	5.21153583077134	611.902	29.523	15431.86
0.478619617104306	7.19639424288461	871.786	40.257	22875.62
0.694489444408445	9.61883230493416	1937.711	57.898	31556.42
1.59287872569702	20.1634038692769	2206.126	129.067	67611.91
2.1805182555854	22.8648417081266	2551.896	172.361	93763.21
3.58568713145029	32.0558143553485	3140.54	277.316	136531.97
5.35953571237143	36.8139305488556	3558.488	391.65	188581.94
8.06942354446116	42.223466221227	4194.897	596.038	250591.01
9.92573205941435	33.7037130370296	3166.448	672.413	284569.67
17.5138359889312	47.1387222890222	4605.972	1191.072	375701.38
27.2928281657375	63.1403494877204	6964.981	1922.881	491100.94
33.4928032057574	55.8696153043078	5990.276	2235.711	565194.94
46.4968928024858	75.5531395574884	8463.113	3203.9	722046.66
57.1836642530686	91.5000467999626	10980.186	3895.766	854061.72
66.5052867957706	94.9889840088128	12227.789	4524.517	970467.24
75.0940599247521	97.9449416440467	13349.403	5037.728	1078394.11
83.8855328915737	99.962740029808	13477.081	5694.213	1184341.76
90.594667524266	99.999820000144	13757.072	6044.085	1264845.19
