0.000909999272000582	0.0163799868960105	4.211	1.093	51.71
0.00206999834400132	0.0372599701920238	5.676	1.328	106.81
0.0026499978800017	0.0476999618400305	6.633	1.443	150.06
0.00295999763200189	0.053099957520034	8.626	1.521	139.05
0.00604999516000387	0.10871991302407	13.288	2.049	308.9
0.00878999296800563	0.158039873568101	19.574	2.414	426.53
0.0127899897680082	0.229499816400147	26.053	2.955	618.42
0.0184899852080118	0.331199735040212	54.321	3.59	966.58
0.0222599821920142	0.396719682624254	43.448	3.955	1032.77
0.0416699666640267	0.740339407728474	84.232	5.896	1961.16
0.0525199579840336	0.924479260416592	98.597	7.493	2499.29
0.0550499559600352	0.974699220240624	118.195	6.921	2787.16
0.13983988812809	2.43035805571356	327.051	14	6786.73
0.162099870320104	2.71439782848174	290.984	15.579	8307.03
0.209659832272134	3.5882971293623	444.473	19.458	9700.5
0.246369802904158	3.97457682033854	528.901	23.089	12378.84
0.712269430184456	10.863351309319	1226.76	61.527	30266.26
0.852729317816546	10.7490514007589	1230.658	67.42	39122.21
1.06338914928868	15.0375479699616	1631.888	87.901	46380.01
2.29711816230547	24.5440603647517	2499.212	184.122	91248.01
3.5860871311303	32.0043343965325	3228.853	271.027	137723.94
5.38458569233145	37.556429954856	3370.19	404.639	185692.6
8.04926356058915	41.8451065239148	4163.964	583.454	252328.95
11.1404510876391	38.7984289612568	3732.179	758.963	298128.37
18.0414955668035	52.0341783726573	5180.582	1260.298	378703.87
26.0271691782647	53.178617457106	5512.336	1757.375	474290.15
35.916641266687	62.6766698586641	6984.105	2432.835	595020.58
44.7948341641327	68.9608248313401	7645.882	3037.733	703414.22
57.0579243536605	90.0220679823456	9929.826	3959.282	852045.1
66.8342465326028	97.1329622936302	11550.273	4613.038	969646.55
75.1510198791841	98.1404214876628	13085.122	5124.502	1071409.47
83.6575630739495	99.924760060192	13279.841	5595.361	1178306.22
90.5392375686099	100.0	13594.467	6053.011	1264654.6
