0.00104999916000067	0.0188999848800121	6.352	0.943	57.18
0.00161999870400104	0.0291599766720187	4.366	1.001	86.9
0.00204999836000131	0.0368999704800236	5.18	1.013	96.22
0.00408999672800262	0.0736199411040471	9.533	1.121	202
0.00422999661600271	0.0761399390880487	10.041	1.172	207.96
0.00851999318400545	0.152999877600098	19.336	1.412	410.83
0.0107799913760069	0.193319845344124	22.584	1.526	483.8
0.0184199852640118	0.329939736048211	34.913	2.24	973.37
0.0275499779600176	0.493199605440316	53.193	2.881	1363.14
0.0403399677280258	0.717299426160459	106.539	3.919	1944.61
0.0580799535360372	1.03067917545666	121.329	5.08	2603.22
0.0782299374160501	1.36025891179287	145.025	6.428	3737.48
0.0865399307680554	1.52549877960098	162.78	7.596	4111.74
0.210519831584135	3.60935711251431	422.26	17.931	9384.24
0.230829815336148	3.81779694576244	443.201	18.856	12787.47
0.471639622688302	7.59023392781286	1028.074	37.787	22943.5
0.660049471960422	9.95309203752637	1133.84	50.808	29820.91
1.03154917476066	14.5157283874173	1654.27	80.14	44261.79
1.53137877489698	19.1710646631483	2163.212	115.795	62599.15
2.08910832871334	21.7268826184939	2188.916	151.029	86985.75
3.56331714934628	31.3865748907401	3622.248	256.751	137859.5
5.37864569708344	37.5798299361361	3618.289	378.526	185429.74
7.89468368425305	39.8647481082015	3531.597	528.145	248314.63
11.7594505924395	43.1171655062676	3843.516	763.329	305494.86
18.2059654352277	54.5174563860349	5268.202	1224.517	382351.2
27.0022483982013	59.6368322905342	5788.377	1788.266	487752.67
37.2872501701999	73.0614015508788	7536.942	2459.249	611095.48
46.1844730524216	73.8498009201593	7934.03	3013.914	717833.95
56.9480444415644	88.8509889192089	12534.594	3749.35	852866.56
63.5998491201207	86.017251186199	11290.258	4197.597	940280.7
75.8818092945526	99.4430804455356	11635.515	10219.205	1081633.78
83.7571829942536	99.943120045504	14146.573	10695.446	1180274.47
90.589407528474	99.999820000144	12813.147	10614.585	1264785.93
