0.00105999915200068	0.0190799847360122	7.233	1.049	57.6
0.00189999848000122	0.0341999726400219	12.395	1.313	105.13
0.003129997496002	0.0563399549280361	24.949	1.59	136.95
0.00388999688800249	0.0700199439840448	46.008	1.775	187.99
0.00450999639200289	0.0809999352000518	28.807	1.829	227.87
0.00892999285600572	0.160739871408103	50.886	2.569	437.12
0.0116799906560075	0.209699832240134	73.393	3.064	518.17
0.0166099867120106	0.298079761536191	98.076	3.795	757.31
0.0274199780640175	0.489779608176313	206.085	5.085	1302.9
0.0417199666240267	0.744659404272477	312.377	6.48	1893.97
0.0545599563520349	0.966599226720619	384.132	7.358	2787.16
0.0573299541360367	1.01141919086465	379.599	8.096	2520.46
0.138509889192089	2.41595806723355	936.4	14.946	6278.14
0.184699852240118	3.07565753947397	1121.828	19.925	8349.23
0.208759832992134	3.56759714592228	1341.749	20.95	9302.04
0.410289671768263	6.5620747503402	2325.554	41.066	20370.06
0.497989601608319	7.47827401738079	2802.013	47.293	25260.08
1.04291916566467	14.6401082879134	5119.771	96.414	48690.42
1.54131876694499	19.3490845207324	6663.018	136.76	62912.58
2.38772808981753	25.8573393141285	8056.317	206.541	98562.56
3.49675720259424	30.5614555508356	9411.599	305.203	135720.84
4.8401761278591	31.0656351474919	8604.208	401.458	175188.44
7.94962364030109	40.5046475962819	11452.247	648.651	250959.3
12.1076403138877	47.7159818272145	14073.568	1000.616	306391.53
17.9113256709395	50.5101195919043	14504.129	1446.015	377419.33
26.9336584530732	58.8774128980697	17500.599	2130.674	487038.74
36.9062404750076	68.5210851831319	21066.248	2959.915	606902.65
47.2842721725823	83.2130334295733	27063.84	3732.265	733366.41
56.9531644374685	88.8929288856569	33279.876	4513.491	850350.09
63.4991292006966	85.8086313530949	27767.064	4930.872	939286.64
75.4184396652483	98.6168811064951	34121.569	5916.035	1073479.38
83.8197229442216	99.953380037296	32258.979	6500.626	1181721.93
90.58978752817	99.999820000144	33303.957	6957.766	1264788.56
