0.000939999248000602	0.0169199864640108	3.391	1.056	53.81
0.0010999991200007	0.0197999841600127	3.585	1.086	60.19
0.00305999755200196	0.0550799559360352	7.076	1.244	147.53
0.00361999710400232	0.0649799480160416	8.144	1.285	170.45
0.00549999560000352	0.0986399210880631	11.475	1.417	269.44
0.00904999276000579	0.162359870112104	31.676	1.679	412.1
0.0132599893920085	0.238499809200153	28.231	1.86	592.13
0.0190899847280122	0.341279726976218	36.069	2.34	977.22
0.0252899797680162	0.450899639280289	47.37	2.915	1236.29
0.0346199723040222	0.617039506368395	66.303	3.656	1671.49
0.0551399558880353	0.974879220096624	113.674	5.399	2787.16
0.0956899234480612	1.68803864956908	195.196	8.851	4462.69
0.114489908408073	1.96343842924926	221.857	10.185	5572.08
0.132709893832085	2.30795815363348	259.027	11.651	6464.29
0.263559789152169	4.3739965008028	546.611	22.371	12328.69
0.452039638368289	7.24355420515664	837.484	36.983	19828.45
0.704449436440451	10.7873913700869	1547.782	56.787	32356.89
1.06368914904868	15.0674279460576	1737.144	82.695	44654.58
1.38182889453688	14.6899682480254	1549.174	99.349	58385.46
1.59932872053702	20.1835638531489	2137.681	120.941	65964.23
3.33532733173813	28.3911972870422	2621.913	236.825	129811.07
5.38368569305145	37.521329982936	3452.526	374.089	185762.58
7.79247376602099	38.6853890516888	3432.747	520.338	245296.8
12.1133903092878	47.8733017013586	4242.468	822.395	308465.22
18.0548155561476	52.1864582508334	4814.664	1207.399	379201.27
27.1673382661294	61.4654508276393	5830.979	1783.369	490714.56
37.3074101540719	73.477921217663	7420.164	2474.578	611701.56
47.2455622035502	82.4582940333648	8631.713	3137.158	733341.09
56.8450345239724	87.9076096739123	9335.511	3813.848	853809.25
66.8525565179548	97.2771421782863	10700.007	6631.55	969710.19
75.9325692539446	99.5235403811677	13061.944	9455.498	1084206.47
83.5831131335095	99.9109000712799	12054.623	10093.341	1180828.82
90.599027520778	99.999820000144	12427.861	10743.255	1264820.22
