0.00119999904000077	0.0215999827200138	3.742	0.919	55.5
0.00198999840800127	0.0358199713440229	5.42	1.06	95.38
0.00273999780800175	0.0493199605440316	6.656	1.083	139.05
0.00398999680800255	0.0716399426880459	8.73	1.203	211.75
0.00616999506400395	0.110699911440071	14.259	1.38	275.81
0.00883999292800566	0.158759872992102	18.995	1.445	437.12
0.0107799913760069	0.193679845056124	21.18	1.629	483.8
0.018689985048012	0.335519731584215	35.206	2.076	965.73
0.0279899776080179	0.50057959953632	82.379	2.729	1284.25
0.0407699673840261	0.726119419104465	96.386	4.347	1961.16
0.0629099496720403	1.11851910518472	146.366	5.576	2836.11
0.095309923752061	1.67975865619308	188.204	7.972	4210.37
0.119229904616076	2.07017834385733	237.426	10.37	5561.01
0.211749830600136	3.62411710070632	458.529	17.553	10587.88
0.276259778992177	4.57631633894693	501.008	22.051	12262.4
0.276679778656177	4.43357645313884	582.134	22.284	12441.07
0.404309676552259	6.14231508614793	691.353	32.301	18405.84
1.02422918061666	14.3677685057852	1681.495	79.188	43002.1
1.59473872420902	20.2291038167169	2196.135	123.298	65429.91
2.39158808672953	26.0706391434887	2798.05	177.289	91023.26
3.47218722225022	30.2324158140673	2924.923	249.238	131266.02
5.38009569592344	37.3346701322639	3444.312	371.03	189133.3
7.27472418022066	34.413092469526	3102.946	481.714	234907.39
12.1036403170877	47.4661420270864	4280.395	806.396	306250.85
18.1856854514516	54.2832765733787	5185.758	1192.435	381391.57
26.7571585942731	57.4239140608688	5623.577	1726.088	484646.37
37.1766102587118	71.4689428248457	7117.142	2474.576	610106.11
45.1249139000689	69.9024040780767	7537.577	2875.661	706887.54
56.1315750947399	83.5967931225655	8985.225	3676.531	839076.35
65.9920972063222	92.6774258580593	10696.497	5258.194	967201.04
75.06979994416	97.9910216071827	11410.112	9023.572	1070596.86
83.4276932578454	99.8720201023839	12047.4	9374.11	1178514.42
90.578227537418	100.0	13648.039	10207.519	1264769.84
