0.000979999216000627	0.0176399858880113	7.093	1.16	398.97
0.0018699985040012	0.0336599730720215	13.043	1.334	802.04
0.0028099977520018	0.0505799595360324	23.967	1.588	1140.11
0.00449999640000288	0.0808199353440517	26.526	1.944	1680
0.00606999514400389	0.10925991259207	34.625	2.467	2368.31
0.00901999278400577	0.161819870544104	54.985	2.967	3895.07
0.0123299901360079	0.221759822592142	76.369	3.492	5056.82
0.0160999871200103	0.288539769168185	94.778	4.211	6430.18
0.0273899780880175	0.490139607888314	177.484	5.722	11369.73
0.0399099680720255	0.712079430336456	328.166	7.644	15797.53
0.0598099521520383	1.06091915126468	339.797	9.759	24344.52
0.0775599379520496	1.36331890934487	451.369	11.867	31144.65
0.112809909752072	1.96217843025726	638.158	15.717	42760.74
0.206029835176132	3.52205718235425	1263.831	27.145	73574.25
0.244729804216157	4.0611567510746	1260.273	30.604	73876.03
0.4683096253523	7.55369395704483	2266.554	59.973	144191.34
0.712149430280456	10.917531265975	3176.81	82.705	272943.97
1.01707918633665	12.500989999208	2418.302	129.779	359019.85
1.03598917120866	14.5981683214653	3637.56	145.268	354005.79
2.3377981297615	25.1286998970401	3554.863	292.23	552683.86
3.45229723816221	22.4134020692783	1825.913	242.874	644425.26
3.45312723749821	29.749296200563	2881.886	338.556	645734.09
7.71396382882894	37.8912296870162	2698.561	432.803	741029.79
12.1225003019998	47.8810416951666	3821.437	559.451	723854.95
17.9305256555795	50.7144194284645	3352.579	595.205	736640.39
24.6904602476318	48.6258810992951	3283.616	617.888	751551.02
37.2874301700559	73.5893411285271	5244.396	904.944	779077.77
46.3664329068537	74.911980070416	4680.061	959.328	799720.5
56.1746950602439	83.8786728970617	4983.049	1075.674	821429.09
63.5042891965686	85.8485913211269	5235.794	1120.687	837364.15
75.9595492323606	99.5775403379677	5255.503	1285.589	864897.56
83.1876534498772	99.8063201549439	5443.277	1346.968	880738.12
90.57758753793	100.0	5433.695	1364.905	896923.28
