0.000599999520000384	0.0107999913600069	4.811	0.847	252.04
0.00183999852800118	0.0331199735040212	13.595	1.016	731.09
0.00208999832800134	0.037439970048024	14.833	1.031	782.34
0.00245999803200157	0.0442799645760283	14.757	1.098	868.98
0.006249995000004	0.112319910144072	35.494	1.498	2259.7
0.00884999292000566	0.159119872704102	49.563	1.77	3341.85
0.0120399903680077	0.216359826912138	72.572	2.131	5292.74
0.0121299902960078	0.217619825904139	73.866	2.128	4496.17
0.0273299781360175	0.487259610192312	166.964	3.783	11029.16
0.0273799780960175	0.489959608032314	156.319	3.926	10655.08
0.0634399492480406	1.11959910432072	390.273	7.765	22698.61
0.0778899376880498	1.36925890459288	452.845	9.753	31144.65
0.138829888936089	2.41451806838555	804.479	17.098	50998.72
0.164499868400105	2.80079775936179	897.921	20.251	51177.74
0.273509781192175	4.5260963791229	1380.716	30.131	91015.88
0.298979760816191	4.77341618126705	1388.783	34.208	94198.85
0.542999565600348	8.15147347882122	2195.104	58.151	148969.37
0.923249261400591	11.4915508067594	2186.101	84.575	334000.84
1.05739915408068	14.9252280598176	3633.23	139.789	367009.9
2.39776808178553	26.1404790876167	3636.595	272.27	570862.04
3.5912471270023	32.0844343324525	3518.106	337.234	659569.63
4.62854629716296	29.3111765510588	2054.14	307.738	703289.7
7.0254643796285	32.836653730677	2254.498	374.278	739937.45
11.9063204749436	44.7627241898206	3011.803	509.506	722952.7
18.1688854648916	53.9547768361785	4341.729	629.161	737229.17
23.6886910490472	46.2657229874216	3282.984	557.884	748981.62
37.2863101709519	73.5969011224791	5132.715	892.299	779116.79
47.2233822212942	82.3945740843407	5451.54	1010.707	801016.38
57.1404042876766	91.2608269913384	5480.389	1141.174	823797.49
66.7814565748347	96.913542469166	5120.411	2972.549	844472.3
75.9782392174086	99.6279402976478	5018.501	3014.411	864841.68
84.0980527215578	99.989920008064	5099.518	3072.741	882783.84
90.588897528882	99.999820000144	5096.356	3092.288	896771.06
