0.000979999216000627	0.0176399858880113	8.781	1.159	387.07
0.00211999830400136	0.0381599694720244	18.979	1.497	900.47
0.00240999807200154	0.0433799652960278	26.507	1.43	967.32
0.00259999792000166	0.04679996256003	21.982	1.57	1006.63
0.00432999653600277	0.0779399376480499	34.673	1.819	1559
0.00824999340000528	0.148319881344095	83.143	2.663	3199.37
0.0116199907040074	0.207899833680133	97.181	3.387	4618.38
0.0189999848000122	0.341279726976218	178.471	4.594	7309.05
0.0252499798000162	0.449099640720287	260.396	5.435	9741.18
0.0279199776640179	0.49931960054432	250.303	5.803	11775.93
0.0460299631760295	0.816119347104522	383.778	7.894	15506.6
0.0926299258960593	1.63295869363305	16078.751	13.047	34987.68
0.12544989964008	2.1832182534254	1061.187	16.151	42157.49
0.137749889800088	2.3425181259855	1087.531	16.921	51002.02
0.317819745744203	5.3108957512834	2359.046	38.134	100613.08
0.462659629872296	7.43741405006876	2967.43	51.038	136792.86
0.473149621480303	7.10639431488455	2510.419	49.518	148518.06
0.7813293749365	10.7639913888069	3213.314	74.929	272698.77
1.57043874364901	19.7807241754207	5497.644	196.894	462264.72
2.38310809351353	25.9102592717926	4995.087	266.188	575970.88
3.34386732490614	28.4979372016502	3424.789	289.458	646868.24
4.32759653792277	27.1767382586094	2771.88	287.633	689078.9
7.74536380370896	38.2278294177365	3266.848	418.591	741070.84
10.911451270839	37.518989984808	2968.422	433.334	722539.45
18.0624955500036	52.3581781134575	4422.757	594.687	737082.74
27.0737683409853	60.3348717321026	4758.697	723.79	756670.1
37.2563101949518	73.1404214876628	5869.88	866.534	779834.18
47.1847322522142	82.1744342604526	6133.138	983.566	801358.01
55.8038253569397	82.2377942097646	5607.18	1034.852	820506.69
64.139018688785	87.2115502307598	5721.336	1088.661	838949.11
75.8493993204805	99.3802604957916	5711.839	1291.894	864730.25
83.4311132551094	99.8740001007999	5626.889	1291.11	881229.07
90.595697523442	99.999820000144	5643.588	1339.343	896818.28
