0.000509999592000326	0.00917999265600588	5.387	1.069	224.18
0.00205999835200132	0.0370799703360237	17.561	1.195	786.28
0.00254999796000163	0.0458999632800294	22.465	1.242	1081.25
0.00355999715200228	0.0638999488800409	28.822	1.331	1691.7
0.00553999556800355	0.0997199202240638	76.744	1.632	2503.94
0.00845999323200541	0.152279878176097	76.366	1.84	3341.85
0.0123499901200079	0.221399822880142	105.447	2.261	4584.02
0.0170799863360109	0.305279755776195	163.737	2.674	6871.85
0.028139977488018	0.504359596512323	229.551	3.886	11775.93
0.0298399761280191	0.533339573328341	274.482	4.083	10484.5
0.0548799560960351	0.972179222256622	537.76	6.701	20497.86
0.0924699260240592	1.62935869651304	772.141	10.826	29590.12
0.138909888872089	2.41379806896154	1084.96	16.105	52223.03
0.192989845608124	3.2885973691221	1594.262	21.279	67436.83
0.3118297505362	5.21675582659534	2326.686	34.279	107073.08
0.322709741832207	5.1497958801633	2152.005	33.856	105320.74
0.393149685480252	5.98931520854783	2440.12	39.615	121360.88
0.662559469952424	9.19151264678988	2911.514	64.862	186202.7
1.47215882227294	18.2683653853077	4539.997	184.252	456880.5
2.39022808781753	26.0506591594727	4891.851	259.571	565194.8
3.5878071297543	32.0745343403725	4445.042	327.583	653029.48
5.3159357472514	36.5266507786794	3972.499	389.86	716339.56
7.38875408899673	35.1762918589665	2948.011	375.436	740730.31
12.0660903471277	47.0121823902541	4251.843	516.753	723998.87
18.1914854468116	54.4342964525628	5089.641	636.509	736970.05
27.2206582234734	62.6080899135281	4884.999	750.119	757443.28
37.2632601893919	73.2333014133589	5959.206	902.831	779850.51
47.0245823803341	79.9253360597312	5571.546	1011.528	801048.73
53.8176969458424	76.559878752097	5140.841	1006.801	815953.2
66.8273965380828	97.1608622713102	5557.302	2329.79	844785.71
75.9775492179606	99.6126403098878	5355.613	2257.128	864948.03
82.9173836660931	99.7274802180158	5396.096	2316.495	880279.09
90.55633755493	99.999640000288	5506.152	2330.769	896745.6
