0.000659999472000422	0.0118799904960076	8.314	1.073	347.4
0.00188999848800121	0.0338399729280217	15.264	1.186	750.81
0.00288999768800185	0.0520199583840333	22.218	1.297	1195.02
0.00422999661600271	0.0761399390880487	32.338	1.418	1754.09
0.00465999627200298	0.0836999330400536	40.395	1.475	1613.66
0.00538999568800345	0.0961199231040615	39.758	1.541	2476.82
0.0121099903120078	0.216539826768139	149.217	2.284	5292.74
0.0163499869200105	0.292499766000187	132.175	2.718	6430.18
0.0272799781760175	0.487079610336312	255.529	3.906	10677.32
0.0363699709040233	0.649259480592416	339.44	5.021	13347.02
0.0620599503520397	1.1008791192967	506.672	7.473	23976.06
0.0934799252160598	1.64753868196905	753.764	10.83	33986.53
0.143649885080092	2.4982180014256	1130.609	16.719	52599.04
0.209059832752134	3.57677713857829	1615.177	22.986	78327.63
0.305539755568196	5.08985592811526	2612.802	34.228	102313.08
0.465169627864298	7.00127439898048	2536.389	46.003	146829.21
0.467179626256299	7.52993397605282	3093.549	48.209	146957.43
0.974349220520624	13.5665891467287	4218.394	122.03	349017.05
1.60209871832103	20.317483746013	5395.387	198.437	473666.28
2.36858810512952	25.7037994369605	4635.837	255.449	564270.36
2.46215803027358	20.5484235612611	2352.794	204.173	564529.8
5.37977569617944	37.440870047304	4333.294	395.093	725587.08
8.08824352940518	42.7375458099634	4667.757	511.198	740617.07
10.1332918933665	34.38861248911	2787.707	386.134	730419.42
18.1625454699636	53.8881768894585	4720.917	633.403	737196
27.1892982485614	62.1512502789998	4923.62	762.684	757296.68
37.2803001757599	73.457581233935	5907.945	905.721	779633.93
47.2773121781503	83.2393134085493	6529.881	1055.645	802137.55
57.0799443360445	90.4447076442339	5996.887	1163.616	823588.4
65.665427467658	91.5146267882986	5870.577	2341.749	842611.35
75.6675794659364	99.0647207482234	5566.267	2291.997	864412.81
83.3881932894454	99.8630201095839	5627.113	2308.051	881156.92
90.583757532994	99.999820000144	5503.99	2315.262	896768.31
