0.000909999272000582	0.0163799868960105	8.903	0.939	355.33
0.00177999857600114	0.0320399743680205	14.369	1.025	731.09
0.00195999843200125	0.0352799717760226	15.996	1.01	829.61
0.00344999724000221	0.0620999503200397	40.892	1.193	1336.04
0.00549999560000352	0.0988199209440632	83.468	1.462	2077.16
0.00835999331200535	0.150119879904096	75.754	1.753	3307.21
0.0127399898080082	0.228779816976146	123.376	2.24	5581.49
0.0192799845760123	0.344699724240221	152.113	2.962	7188.61
0.0276199779040177	0.493919604864316	214.04	3.599	10484.5
0.0409999672000262	0.730979415216468	395.094	5.269	15761.18
0.0620599503520397	1.10357911713671	530.403	7.249	22079.61
0.0646899482480414	1.13651909078473	523.501	7.253	23912.33
0.0822799341760527	1.42613885908891	628.731	9.412	31096.09
0.172929861656111	2.94731764214589	1476.006	18.853	62334.18
0.190009847992122	3.15107747913802	1351.272	19.979	65612.89
0.431909654472276	6.90371447702842	2779.84	44.628	132407.77
0.571959542432366	8.56583314733348	2988.895	53.87	176546.44
0.786729370616503	10.861011311191	3255.785	70.295	274485.55
1.57290874167301	19.8453441237247	5116.502	192.999	472301.99
2.35193811844951	25.4035596771523	4558.921	254.472	556264.01
2.91882766493787	24.1061207151034	2686.171	252.72	616634.46
5.36105571115543	37.1966102427118	4284.751	386.848	722697.69
7.59175392659686	36.7325706139435	3011.699	407.652	740986.76
12.1102603117918	47.7559417952466	4527.368	528.775	724054.68
17.5951159239073	47.7962617629906	3567.679	550.157	736019.4
27.2289082168734	62.7373298101362	5053.86	722.567	757427.29
34.381972494422	57.854653716277	4082.228	701.148	772767.71
46.6802826557739	76.9369784504172	4923.729	942.088	800242.88
56.321704942636	84.6573522741182	5544.983	1061.607	821710.79
66.8001565598748	97.0373823700941	5612.441	2263.351	844512.15
73.8425109259913	95.7892633685893	5659.578	2299.926	860165.85
84.0187327850138	99.978760016992	5413.48	2209.045	882896.29
90.584757532194	99.999820000144	5379.299	2243.476	896769.13
