0.000839999328000538	0.0151199879040097	7.998	1.122	283.85
0.00114999908000074	0.0206999834400132	13.293	1.148	438.61
0.0018699985040012	0.0336599730720215	17.291	1.314	829.61
0.00392999685600252	0.070379943696045	77.911	1.846	1637.08
0.00393999684800252	0.0709199432640454	39.914	1.82	1559
0.00896999282400574	0.161279870976103	78.01	2.842	3368.79
0.0129699896240083	0.232919813664149	105.569	3.473	5056.82
0.0184299852560118	0.330479735616212	147.502	4.349	7309.05
0.0229199816640147	0.409139672688262	251.844	5.165	9145.06
0.0408599673120262	0.727919417664466	357.801	7.543	16683.47
0.0551199559040353	0.967859225712619	429.018	8.5	21166.33
0.0575799539360368	1.02113918308865	483.545	9.002	21080.6
0.0995799203360637	1.7251186199051	750.054	13.514	33380.08
0.209809832152134	3.5956771234583	1706.203	25.143	78327.63
0.306259754992196	5.08535593171526	3115.723	36.352	97617.76
0.40560967551226	6.47819481744415	2759.02	46.25	129166.58
0.678539457168434	10.2920317663746	3976.8	72.889	185094.96
0.770039383968493	10.6178315057348	3374.241	75.379	271678.63
1.58724873020102	20.0633239493408	5143.022	206.351	459690.7
2.38483809212953	25.9271792582566	4859.182	263.515	579168.49
3.5962271230183	32.0795743363405	4574.55	332.237	669720.34
5.38784568972345	37.5935099251921	4661.024	399.374	722608.85
7.9667236266211	40.9402472478022	3855.941	439.116	741063.08
12.0543803564957	46.848202521438	4355.116	516.881	723853.78
17.7675457859634	49.1502206798235	3642.762	572.665	736471.28
23.7760709791432	46.4693028245577	3662.53	550.001	749223.25
37.1759802592158	72.1021823182542	5442.466	860.353	779294.74
44.5079543936365	68.1810654551476	4934.204	845.439	795116.41
56.3692649045881	84.9136720690623	5504.699	1070.568	821780.4
66.6845466523627	96.2543829964936	5882.562	1196.855	844479.51
75.6895794483364	99.1070207143834	5699.417	1258.637	864455.65
84.1005227195818	99.990640007488	5737.317	1325.785	882768.75
90.578157537474	99.999820000144	5690.682	1318.162	896761.59
