0.000739999408000474	0.0133199893440085	7.306	1.094	355.33
0.00126999898400081	0.0228599817120146	10.735	1.237	529.66
0.00149999880000096	0.0269999784000173	25.855	1.292	652.17
0.00339999728000218	0.0608399513280389	44.003	1.777	1449.58
0.00408999672800262	0.073439941248047	32.996	1.821	1594.14
0.00627999497600402	0.113039909568072	81.924	2.372	2453.58
0.0129599896320083	0.233099813520149	138.816	3.669	5345.96
0.0170899863280109	0.306539754768196	160.726	4.071	6619.05
0.0288499769200185	0.51551958758433	275.921	5.772	10484.5
0.0930199255840595	1.63925868859305	1868.816	13.048	32834.29
0.139349888520089	2.42531805974555	1161.421	17.164	54969.99
0.177359858112114	3.00923759260993	1300.472	22.077	65804.71
0.294749764200189	4.91633606693115	2526.515	35.662	106554.06
0.426229659016273	6.80561455550836	2669.482	47.528	131285.69
0.513569589144329	7.70147383882093	2922.75	52.991	142169.64
1.06300914959268	15.0226079819136	5073.32	138.404	365478.63
1.59840872127302	20.235223811821	5551.668	199.412	493800.86
2.39425808459353	26.1125791099367	4860.393	270.212	560566.01
2.97655761875391	24.6079603136318	2900.922	264.811	624886.93
5.35638571489143	37.1325302939758	4312.838	389.216	721856.49
8.07871353702917	42.7431258054994	4710.824	469.535	740991.33
11.8506605194716	44.1539646768283	3754.497	500.113	722790.15
18.1221255022996	53.3940772847382	4591.413	610.71	737156.67
27.2543181965454	63.1826494538804	5529.803	743.775	757377.14
34.2573125941499	57.5545939563248	4136.914	706.058	772506.67
47.2344922124062	82.745033803973	6477.011	994.468	801156.56
54.3059965552028	77.6728178617457	5266.349	994.802	817089.11
66.6611366710907	96.1145231083815	5947.887	1199.407	844407.74
83.6009531192375	99.9127000698399	5738.072	1308.992	881536.71
90.591807526554	99.999820000144	5834.591	1338.595	896778.9
