0.00104999916000067	0.0188999848800121	3.958	1.137	395
0.00194999844000125	0.0350999719200225	5.499	1.216	731.09
0.00200999839200129	0.0361799710560232	5.325	1.252	723.2
0.00399999680000256	0.071819942544046	9.232	1.361	1566.81
0.00611999510400392	0.10997991201607	13.09	1.571	2321.77
0.00840999327200538	0.151019879184097	17.578	1.912	3052.88
0.0113899908880073	0.204119836704131	25.907	2.043	4258.97
0.0184499852400118	0.331019735184212	59.776	2.896	6347.02
0.0280199775840179	0.50057959953632	53.271	3.676	9256.95
0.0321499742800206	0.574019540784367	63.806	3.988	11069.87
0.064109948712041	1.13597909121673	123.754	7.408	24199.04
0.0917099266320587	1.61225871019303	207.824	10.448	34987.68
0.134949892040086	2.3506181195055	315.412	14.651	43256.11
0.193689845048124	3.30155735875411	347.714	21.204	67436.83
0.271569782744174	4.50557639553888	487.483	28.461	91015.88
0.446269642984286	7.16651426678859	735.342	45.752	146698.23
0.660459471632423	10.0056519954784	914.603	65.562	281548.1
1.06717914625668	15.0652679477856	1138.443	134.087	394492.57
1.21159903072078	14.8237081410335	928.614	132.483	374336.05
2.39572808341753	26.1579390736487	1245.384	262.915	560839.32
2.69843784124973	22.3196221443023	835.63	217.572	577847.44
5.29059576752339	36.001231199015	1175.956	386.839	716234.08
8.07946353642917	42.7730057815954	1389.558	467.927	740992.63
12.1181903054478	47.8401817278546	1465.118	521.434	723854.79
17.8522957181634	49.944560044352	1380.559	585.271	736663.22
27.1958482433214	62.2363902108878	1746.668	755.015	757274.79
36.3563909148873	64.8148881480895	1872.002	807.562	777690.45
46.870132503894	78.4757972193622	2327.858	1008.684	801017.77
56.6816446546843	86.8700905039276	2603.338	1126.839	822621.11
66.2399770080184	93.8578649137081	2889.366	1552.582	844027.84
75.9539092368726	99.5874403300477	3102.753	1668.038	864746.43
83.8521329182937	99.957340034128	3110.248	1673.571	882395.84
90.584117532706	99.999820000144	3135.341	1786.978	896768.72
