0.00112999909600072	0.020339983728013	3.937	1.365	367.24
0.00221999822400142	0.0399599680320256	6.096	1.569	853.24
0.00221999822400142	0.0399599680320256	7.658	1.537	829.61
0.00386999690400248	0.0694799444160445	45.845	1.99	1754.09
0.00517999585600331	0.0930599255520596	13.515	2.249	2077.16
0.0088999928800057	0.159659872272102	18.214	2.796	3341.85
0.0099999920000064	0.179099856720115	20.686	3.131	3338
0.0141999886400091	0.253619797104162	29.824	3.739	5881.4
0.018769984984012	0.336419730864215	44.773	4.425	6535.97
0.0337999729600216	0.599399520480384	62.709	6.557	12939.61
0.039119968704025	0.696419442864446	73.435	7.555	14346.71
0.0888099289520568	1.560238751809	175.971	13.354	30932.97
0.138229889416088	2.40893807284954	276.853	17.629	43256.11
0.200729839416128	3.4300772559382	357.698	26.119	65376.19
0.315869747304202	5.27597577921938	517.853	38.735	102292.31
0.4692796245763	7.56629394696484	829.047	53.104	150372.41
0.709839432128454	10.8313113349509	1096.262	76.255	301387.78
1.05903915276868	14.9452080438336	1182.891	137.87	363679.18
1.60538871568903	20.383723693021	1324.79	204.709	467280.89
2.08991832806534	21.7096026323179	997.92	214.943	530382.76
3.38100729519416	22.0438623649101	761.739	230.666	641916.97
3.5905471275623	32.0774143380685	1370.826	358.674	659514.32
5.32594573924341	25.5720395423684	799.564	283.161	714749.26
12.1384802892158	48.0131615894707	1525.284	559.268	723387.64
18.1867754505796	54.4999964000029	1653.5	647.62	736742.3
25.5447295642164	51.2050990359208	1441.281	644.855	753447.14
37.1958302433358	72.3214221428623	2121.971	912.476	779361.42
46.7617525905979	77.5120779903376	2306.253	1027.857	800630.55
56.8373445301244	88.0658295473364	2736.996	1145.706	823014.68
73.9524808380153	95.9789832168134	2971.712	1313.411	860382.3
83.6136431090855	99.9141400686879	3103.982	1415.629	881503.65
90.56978754417	99.999640000288	3178.636	1478.179	896753.59
