0.000949999240000608	0.0170999863200109	3.757	1.248	387.07
0.00203999836800131	0.0367199706240235	8.36	1.581	766.57
0.003129997496002	0.0563399549280361	7.766	1.788	1191.1
0.00355999715200228	0.0638999488800409	8.655	1.848	1488.68
0.00644999484000413	0.116099907120074	15.088	2.488	2523.3
0.00861999310400552	0.154799876160099	17.799	2.805	3522.64
0.0106999914400068	0.191519846784123	23.133	3.145	4618.38
0.0275799779360177	0.494099604720316	67.118	6.347	10484.5
0.0410299671760263	0.730799415360468	78.31	7.166	15087.47
0.0572599541920366	1.01393918884865	105.581	8.578	21865.91
0.0933999252800598	1.64465868427305	197.912	13.104	33148.96
0.119289904568076	2.07485834011333	227.61	15.948	45438.01
0.1567998745601	2.67551785958571	293.723	20.436	48582.92
0.249119800704159	3.98177681457855	354.071	28.311	85299.76
0.283929772856182	4.71311622950702	515.815	35.5	92253.71
0.700799439360449	10.6871314502948	968.778	74.543	278517.72
1.07062914349669	15.1622878701697	1277.656	140.468	371004.05
1.60386871690503	20.359243712605	1397.686	207.721	466193.89
2.08546833162533	21.6664026668779	1010.153	220.775	531151.71
3.57719713824229	31.8594345124524	1489.054	340.168	668649.51
5.06176595058724	33.1739734608212	1090.808	365.887	714087.33
8.05696355442916	42.190706247435	1309.739	474.874	740456.61
11.9855404115677	45.7795433763653	1334.325	521.738	723604.07
16.9318564545148	43.9853048117562	1212.24	528.693	734170.87
27.2353582117134	62.8064497548402	1794.233	766.984	757386.19
37.1007703193837	70.8411033271173	2054.137	887.278	778908.72
46.3731129015097	74.94780004176	2221.048	980.016	799729.14
56.4220548623561	85.1951918438465	2617.29	1126.716	821864.14
64.6300582959534	88.4542692365846	2696.599	1209.774	839234.84
82.876613698709	99.7028202377438	3059.189	1377.907	880020.57
90.585167531866	99.999820000144	3174.436	1438.476	896769.37
