0.000990013860194043	0.0178199857440114	14.668	0.979	406.9
0.00195002730038221	0.0350999719200225	42.666	1.069	857.18
0.00282003948055273	0.0507599593920325	22.662	1.146	1155.8
0.00419005866082125	0.0752399398080481	53.882	1.285	1547.28
0.00577008078113094	0.103679917056066	85.421	1.529	2403.2
0.00864012096169346	0.1555198755841	68.524	1.745	3411.12
0.0129901818625461	0.23363981308815	133.814	2.231	4725.23
0.0181702543835614	0.326339738928209	202.969	2.866	7309.05
0.0279803917254842	0.503099597520322	225.237	3.652	11882.91
0.0422005908082713	0.757979393616485	396.233	5.317	16629.11
0.0633708871924207	1.13453909236873	552.703	7.552	22542.21
0.0956813395387535	1.70891863286509	870.756	11.106	35794.38
0.139061946867256	2.47481802014558	1208.341	16.259	49449.57
0.210162942281192	3.71789702568238	1840.504	23.381	76957.88
0.316284427981992	5.54507556393955	2647.187	35.891	102090.39
0.478066692933701	8.26649338680529	3880.453	51.383	130421.37
0.709279929919019	12.0335303731757	5232.904	111.298	193831.21
1.06927496984958	17.5926459258833	7184.323	146.364	375752.38
1.59855237973332	25.1886398490881	9493.592	249.504	457730.47
2.40530367425144	35.4767116186307	11929.916	342.239	565944.58
3.60822051508721	48.3560613151509	13409.735	489.252	649726.01
5.3898054572764	63.1236095011124	13773.723	650.365	721574.38
8.0954033356467	78.11633750693	7429.654	839.227	740399.96
12.1289398051573	90.2382478094018	5661.106	963.967	723748.63
18.183704571864	97.2820021743983	5176.615	2015.81	737152.27
27.3054122757719	99.6691602646718	5039.835	1996.626	756793.85
37.2841119775677	99.97840001728	5111.47	2013.159	778906.93
47.2897220561088	99.999460000432	5152.081	2049.724	801828.11
57.2836819715476	100.0	5252.23	2059.486	823028.11
67.2938721142096	100.0	5334.967	2134.901	845515.25
77.306352288932	100.0	5332.196	2169.859	867580.1
87.3069222969122	100.0	5320.161	2180.642	889275.64
97.3123523729332	100.0	5337.568	2238.324	911749.66
