0.000870012180170522	0.01565998747201	3.431	1.272	434.64
0.00212002968041553	0.0381599694720244	5.706	1.469	888.66
0.00301004214058997	0.0541799566560347	7.154	1.573	1175.41
0.00377005278073893	0.0678599457120434	8.851	1.769	1590.24
0.0058800823211525	0.105839915328068	12.892	2.298	2519.43
0.0087801229217209	0.157859873712101	18.118	2.736	3411.12
0.013500189002646	0.242999805600156	75.445	3.753	5326.96
0.0190702669837378	0.342359726112219	68.614	4.449	7324.1
0.0278103893454508	0.499139600688319	61.267	5.49	11882.91
0.0418405857682008	0.750779399376481	79.098	7.587	16062.77
0.0628408797723168	1.12535909971272	153.655	10.158	21894.41
0.0963913494788927	1.7225986219211	176.492	13.16	35066.66
0.142121989707856	2.52971797622562	317.653	18.656	48323.78
0.209882938361137	3.71177703057838	396.464	28.149	66079.52
0.319364471102595	5.60627551497959	669.285	39.92	107152.5
0.473846633852874	8.21483342813326	911.225	56.22	153695.8
0.71336998717982	12.0848303321357	1305.645	118.425	195413.43
1.07249501493021	17.6374658900273	1877.205	154.107	379784.92
1.5948823283526	25.1538998768801	2800.453	260.509	453630.65
2.40219363071083	35.5098315921347	2795.93	381.744	561170.19
3.59781036934517	48.2946813642549	3391.505	511.296	656581.22
5.39299550193703	63.1434094852724	3392.529	647.232	721395.35
8.08152314132398	78.0038375969299	2671.711	839.425	741019.39
12.127609786537	90.2315878147297	2632.627	972.227	722972.55
18.1966647533065	97.2998221601423	2650.196	1092.416	737022.15
27.3039322550516	99.6689802648158	2688.128	1124.108	756778.11
37.2983421767905	99.979840016128	2787.931	1182.027	778898.92
47.2875020250284	99.999640000288	2798.64	1234.077	800686.07
57.2986221807105	100.0	2890.413	1258.974	823965.54
67.2915020810291	100.0	2892.584	1299.863	845679.15
77.2945121231697	100.0	2951.519	1285.219	867282.26
87.2897220561088	100.0	3007.683	1294.992	889559.38
97.3102623436728	100.0	3450.073	1310.313	911612.1
