0.000900012600176402	0.0161999870400104	3.696	1.116	410.86
0.00217003038042533	0.039059968752025	6.498	1.362	715.32
0.00313004382061349	0.0563399549280361	7.436	1.681	1155.8
0.00399005586078205	0.071819942544046	10.576	1.875	1523.84
0.00605008470118582	0.10889991288007	12.554	2.248	2220.88
0.00921012894180519	0.165779867376106	18.799	2.875	3130
0.0130501827025578	0.23471981222415	25.778	3.392	4973.03
0.0183402567635947	0.329579736336211	40.121	4.08	7730.03
0.02801039214549	0.502379598096321	115.778	5.757	10087.28
0.0422205910882752	0.756179395056484	79.875	8.672	16658.1
0.0620708689921659	1.11023911180871	116.308	10.948	20791.17
0.094321320498487	1.68389865288108	219.957	13.997	31987.24
0.141131975847662	2.51387798889761	289.198	18.84	52526.65
0.216453030342425	3.83183693453045	455.078	26.281	74090.51
0.316584432182051	5.53103557517154	681.938	39.582	101030.94
0.477376683273566	8.25047339962128	1041.844	56.353	144976.25
0.71244997429964	12.0857303314157	1328.139	116.127	195136.85
1.06741494380921	17.5809459352433	1809.354	156.269	357169.06
1.59514233199265	25.1333798932961	2350.251	258.011	471701.27
2.40038360537048	35.4065116747907	2933.741	346.671	563276.83
3.59904038656541	48.3380613295509	3316.242	514.971	657536.21
5.39573554029756	63.1626694698644	3319.36	649.516	720625.24
8.09242329392612	78.092397526082	2625.723	849.35	740366.88
12.1495500937013	90.2634477892418	2629.512	957.967	723506.42
18.2049548693682	97.3203421437263	2631.356	1094.957	736797.29
27.2974721646103	99.6612402710078	2708.811	1120.501	756386.32
37.2762418673861	99.97480002016	2725.531	1204.886	778937.02
47.29587214221	99.999460000432	2771.284	1209.526	801950.23
57.2904820667489	100.0	2837.74	1241.676	823609.06
67.3023922334913	100.0	2884.675	1259.85	845195.73
77.2966021524301	100.0	2924.634	1292.612	867661.06
87.3125523757333	100.0	3000.925	1310.115	889438.06
97.3041122575716	100.0	3061.387	1327.462	911613.72
