0.000940013160184243	0.0169199864640108	3.495	1.096	418.79
0.00221003094043317	0.0397799681760255	6.115	1.315	750.81
0.00314004396061545	0.0565199547840362	7.586	1.29	1277.31
0.00396005544077617	0.0710999431200455	9.672	1.39	1488.68
0.00627008778122894	0.112859909712072	14.558	1.666	2220.88
0.00919012866180127	0.165059867952106	19.003	1.994	3526.49
0.0138301936227107	0.248759800992159	27.262	2.263	5326.96
0.0187402623636731	0.337319730144216	38.752	2.745	7324.1
0.0280403925654959	0.503459597232322	181.724	3.939	9484.29
0.041790585068191	0.75005939995248	83.757	5.093	15382.84
0.0626108765522717	1.12103910316872	146.807	7.168	21798.18
0.0956013384187379	1.70549863560109	179.201	10.905	32920.61
0.141051974727646	2.50991799206561	287.913	15.526	48323.78
0.212912980781731	3.76541698766641	442.755	24.058	64081.09
0.314824407541706	5.51213559029153	652.117	35.677	108616.16
0.470176582472155	8.1206935034452	847.483	51.829	142645.6
0.709759936639113	12.0526103579117	1216.079	111.917	294965.42
1.06665493316906	17.5561059551152	1763.61	150.042	359930.44
1.59473232625257	25.1331998934401	2197.527	250.925	466454.24
2.40076361069055	35.4810316151747	2929.077	360.758	560110.81
3.60750050500707	48.403581277135	3313.709	495.567	654616.48
5.39497552965742	63.1644694684244	3320.799	643.429	721696.41
8.08989325850562	78.11363750909	2499.677	830.795	740762.93
12.1425099951399	90.2630877895298	2622.085	989.145	723975.1
18.1858346016844	97.2838021729583	2688.232	1317.01	736484.54
27.2843619810677	99.6738402609278	2742.118	1371.589	756983.04
37.2875220253084	99.977320018144	2773.684	1526.128	778629.69
47.2947921270898	99.999280000576	2829.04	1498.167	801618.19
57.2941721184097	100.0	2902.954	1546.197	823905.29
67.300982213751	100.0	3555.626	1646.49	845993.49
77.2945821241497	100.0	3079.135	1710.046	867707.76
87.3102623436728	100.0	3052.698	1684.868	889286.59
97.3119723676132	100.0	3157.18	1768.662	911766.92
