0.00109001526021364	0.0196199843040126	3.765	0.942	406.9
0.00229003206044885	0.0412199670240264	5.976	1.028	845.36
0.00312004368061153	0.0561599550720359	7.601	1.148	1151.88
0.00408005712079969	0.073439941248047	9.808	1.199	1523.84
0.00615008610120542	0.110699911440071	12.832	1.358	2403.2
0.00915012810179342	0.164339868528105	19.679	1.62	3929.58
0.0129501813025382	0.232919813664149	54.488	2.125	4637.46
0.0188702641836986	0.339119728704217	36.545	2.649	8153.94
0.0277903890654469	0.498239601408319	70.689	3.608	9484.29
0.0411205756880596	0.736559410752471	93.319	5.178	15240.84
0.0616608632520855	1.10591911526471	125.497	7.203	25855.29
0.095811341358779	1.7121586302731	184.157	11.055	35729.28
0.140721970107582	2.5046979962416	284.219	16.048	51114.3
0.208922924920949	3.69629704296237	400.553	22.876	67478.25
0.318514459202429	5.58701553038758	612.339	36.048	107331.86
0.471816605432476	8.15975347219722	866.536	50.543	134194.46
0.71351998927985	12.0832103334317	1256.265	111.338	279073.33
1.06116485630799	17.4781660174672	1686.511	147.027	353879.94
1.59987239821357	25.2057398354081	2378.048	254.94	468983.7
2.39156348188875	35.3588117129506	2925.399	342.403	575661.1
5.38964545503637	63.0991295206964	3267.816	642.251	718234.56
8.10236343308806	78.118677505058	2532.716	807.653	740814.23
12.1570401985628	90.3775676979458	2602.58	942.828	723732.35
18.1883246365449	97.2856021715183	2659.258	1392.801	737062.75
27.2956421389899	99.6707802633758	2664.494	1498.064	756796.75
37.2761618662661	99.977320018144	2720.406	1469.928	779075.8
47.2900120601688	99.99910000072	2778.786	1543.803	801516.93
57.2790619068667	99.999820000144	2817.755	1568.921	822843.58
67.2878820303484	100.0	2905.033	1612.493	845622.37
77.2935121091695	100.0	2906.325	1601.799	867488.95
87.2921720904093	100.0	2991.648	1665.555	889529.3
97.3131723844134	100.0	3010.873	1683.642	911764.63
