0.00100999919200065	0.00107999913600069	1.608	1.065	402.94
0.00200999839200129	0.00215999827200138	1.842	1.076	853.24
0.00299999760000192	0.00323999740800207	1.814	1.071	1179.33
0.00400999679200257	0.00431999654400277	1.967	1.11	1640.98
0.00599999520000384	0.00629999496000403	2.44	1.318	2213.12
0.00900999279200577	0.00917999265600588	6.215	1.222	3971.74
0.0130099895920083	0.0131399894880084	2.851	1.362	4438.86
0.0190099847920122	0.0190799847360122	3.231	1.514	6728.51
0.0280099775920179	0.028079977536018	3.881	1.763	10343.5
0.0420099663920269	0.042119966304027	4.543	1.93	13629.26
0.0630099495920403	0.0631799494560404	6.369	2.334	23405.56
0.0940099247920602	0.0941399246880602	7.877	2.977	31890.3
0.14100988719209	0.14111988710409	11.62	3.973	43017.24
0.211009831192135	0.211319830944135	14.794	5.092	72547.19
0.315999747200202	0.316079747136202	22.09	7.044	100669.67
0.474009620792303	0.474299620560304	29.747	9.385	159560.09
0.711009431192455	0.711179431056455	43.696	12.996	285287.93
1.06599914720068	1.06613914708868	62.398	18.389	364422.78
1.59900872079302	1.59911872070502	91.864	26.177	477126.64
2.39800808159353	2.39813808148954	140.066	38.051	559128.51
3.5970071223943	3.5972971221623	205.419	55.767	657149.23
5.39500568399545	5.39531568374745	331.048	85.231	722963.6
8.09199352640518	8.09225352619718	483.226	120.181	741093.95
12.1380002895998	12.1381102895118	703.203	188.26	723654.9
18.2069954344037	18.2071654342677	1046.179	280.655	736632.33
27.3099881520095	27.3102981517615	1510.897	403.299	757094.8
37.3099801520159	37.3100101519919	2110.17	555.183	778729.44
47.3099721520223	47.3100821519343	2653.342	710.415	801784.82
57.3099641520287	57.3101541518767	3037.858	851.74	823313.27
67.3099561520351	67.3102261518191	3720.309	993.105	845544.02
77.3099481520415	77.3101181519055	4221.454	1126.122	868861.88
87.3099401520479	87.3100101519919	4781.745	1283.422	889481.4
97.3099321520543	97.3100821519343	5528.726	1437.583	911714.7
