0.00100999919200065	0.00125999899200081	1.677	0.964	395
0.00200999839200129	0.00215999827200138	1.784	0.928	868.98
0.00300999759200193	0.00305999755200196	1.945	0.916	1195.02
0.00400999679200257	0.00413999668800265	2.026	1.026	1535.56
0.00599999520000384	0.00629999496000403	2.297	1.004	2403.2
0.00900999279200577	0.00917999265600588	2.358	1.052	3491.89
0.0130099895920083	0.0131399894880084	2.567	1.113	4961.6
0.0190099847920122	0.0190799847360122	2.666	1.221	6800.2
0.0280099775920179	0.0282599773920181	3.053	1.406	11114.26
0.0420099663920269	0.042119966304027	3.397	1.742	15269.97
0.0630099495920403	0.0631799494560404	3.986	2.096	20505.02
0.0940099247920602	0.0941399246880602	5.7	2.937	30418.36
0.14100988719209	0.14111988710409	8.468	3.645	43820.82
0.211009831192135	0.211319830944135	19.423	4.525	78590.02
0.316009747192202	0.316259746992202	9.591	6.157	91055.32
0.474009620792303	0.474119620704303	15.669	8.368	141452.29
0.711009431192455	0.711179431056455	19.289	11.822	303287.19
1.06600914719268	1.06613914708868	25.673	16.507	383600.43
1.59900872079302	1.59911872070502	41.799	23.476	463083.43
2.39800808159353	2.39831808134553	61.326	33.96	566804.15
3.5970071223943	3.5972971221623	90.752	49.454	646476.66
5.39499568400345	5.39513568389145	127.35	75.404	722862.43
8.09200352639718	8.09225352619718	199.454	109.076	740601.29
12.1380002895998	12.1381102895118	290.693	164.571	723550.2
18.2069954344037	18.2071654342677	432.545	243.754	736266.6
27.3099881520095	27.3101181519055	645.989	364.932	757468.24
37.3099801520159	37.3101901518479	985.448	494.705	779818.03
47.3099721520223	47.3100821519343	1303.573	621.933	802260.04
57.3099641520287	57.3101541518767	1648.089	753.823	823660.7
67.3099561520351	67.3102261518191	1934.555	877.272	846050.75
77.3099481520415	77.3101181519055	2292.647	1020.755	868211.79
87.3099401520479	87.3100101519919	2602.237	1144.582	890378.39
97.3099321520543	97.3100821519343	2982.1	1284.85	911897.16
