0.00100999919200065	0.00125999899200081	1.717	1.041	442.57
0.00200999839200129	0.00215999827200138	3.08	1.009	849.3
0.00300999759200193	0.00305999755200196	1.882	1.023	1206.78
0.00400999679200257	0.00413999668800265	1.929	1.008	1691.7
0.00600999519200385	0.00611999510400392	2.325	1.069	2213.12
0.00900999279200577	0.00917999265600588	2.561	1.172	3684.01
0.0130099895920083	0.0131399894880084	2.644	1.139	4732.86
0.0190099847920122	0.0192599845920123	2.742	1.208	6856.77
0.0280099775920179	0.0282599773920181	3.057	1.338	10873.67
0.0420099663920269	0.042119966304027	3.279	1.515	14240.73
0.0630099495920403	0.0631799494560404	3.974	1.761	23621.83
0.0940099247920602	0.0941399246880602	4.464	2.163	33607.61
0.14100988719209	0.14111988710409	5.752	2.752	51860.59
0.211009831192135	0.211139831088135	8.21	3.517	69468.66
0.316009747192202	0.316259746992202	9.452	5.123	96406.91
0.474009620792303	0.474119620704303	15.384	7.28	129214.54
0.711009431192455	0.711179431056455	17.796	10.578	272915.26
1.06600914719268	1.06613914708868	30.322	15.591	361525.78
1.59900872079302	1.59911872070502	50.778	22.722	451434.04
2.39799808160153	2.39813808148954	59.123	33.461	574340.95
3.5970071223943	3.5972971221623	103.614	50.927	664659.7
5.39500568399545	5.39513568389145	128.995	75.864	716684.54
8.09200352639718	8.09207352634118	195.921	113.549	740375.06
12.1380002895998	12.1381102895118	272.664	173.685	723532.58
18.2069954344037	18.2071654342677	418.856	259.886	737266.69
27.3099881520095	27.3102981517615	689.241	389.956	757636.01
37.3099801520159	37.3101901518479	1015.038	530.116	779603.32
47.3099721520223	47.3100821519343	1364.092	665.367	800993.27
57.3099641520287	57.3099741520207	1702.838	805.437	823726.51
67.3099561520351	67.3100461519631	2065.268	956.3	846215.32
77.3099481520415	77.3101181519055	2380.153	1100.464	867717.03
87.3099301520559	87.3100101519919	2698.261	1270.469	889765.17
97.3099321520543	97.3100821519343	3042.203	1759.739	911914.44
