0.00199999840000128	0.0179999856000115	14.629	1.12	802.04
0.00299999760000192	0.0199799840160128	9.236	1.088	1183.25
0.00399999680000256	0.0199799840160128	8.035	1.113	1715.1
0.0049999960000032	0.0221399822880142	7.439	1.196	1800.86
0.00699999440000448	0.0239399808480153	9.652	1.174	2492.32
0.0099999920000064	0.0260999791200167	22.833	1.257	3918.07
0.013999988800009	0.0300599759520192	8.385	1.293	5953.4
0.0199999840000128	0.035999971200023	9.27	1.367	8465.02
0.0279999776000179	0.0460799631360295	14.733	1.465	12152.03
0.0429999656000275	0.0599399520480384	10.427	1.659	15040.1
0.063999948800041	0.0818999344800524	12.115	2.023	23742.3
0.0949999240000608	0.111959910432072	34.274	2.416	30637.81
0.141999886400091	0.160019871984102	17.037	3.182	44630.18
0.211999830400136	0.228059817552146	23.831	3.99	71976.48
0.316999746400203	0.333899732880214	39.956	5.445	108102.66
0.474999620000304	0.491939606448315	51.358	7.78	145530.31
0.711999430400456	0.730079415936467	77.504	11.737	290125.3
1.06699914640068	1.08395913283269	102.837	16.529	369734.99
1.59999872000102	1.61801870558504	129.136	25.425	458208.87
2.39899808080154	2.41595806723355	171.891	37.153	571064.49
3.5979971216023	3.61601710718631	283.363	58.675	655029.41
5.39599568320345	5.41205567035546	326.481	82.844	721115.6
8.09299352560518	8.11007351194119	525.65	125.587	741071.18
12.1389902888078	12.1559302752558	750.554	191.972	723780.88
18.2079854336117	18.2240854207317	1191.468	284.434	737174.7
27.3109781512175	27.3279381376495	1531.046	416.995	756821.18
37.3109701512239	37.3280101375919	2134.585	571.317	778745.81
47.3109621512303	47.3279021376783	2671.876	731.773	801471.38
57.3109541512367	57.3279741376207	3152.351	862.995	823251.17
67.3109461512431	67.3278661377071	3710.271	1019.386	845526.11
77.3109381512495	77.3279381376495	4295.449	1164.647	867674.97
87.3109301512559	87.3278301377359	4904.017	1316.992	888939.47
97.3109221512623	97.3279021376783	5253.564	3181.013	911769.97
