0.00199999840000128	0.0179999856000115	21.686	1.109	809.92
0.00299999760000192	0.0199799840160128	7.432	1.129	1206.78
0.00299999760000192	0.0201599838720129	8.406	1.169	1594.14
0.0049999960000032	0.0219599824320141	20.143	1.202	1987.73
0.00699999440000448	0.0239399808480153	7.611	1.165	2627.81
0.0099999920000064	0.028079977536018	8.433	1.278	4029.22
0.013999988800009	0.0318599745120204	7.975	1.267	5668.99
0.0199999840000128	0.0379799696160243	9.621	1.346	8446.3
0.0289999768000186	0.0460799631360295	9.094	1.491	10725.5
0.0429999656000275	0.0599399520480384	10.077	1.707	18133.43
0.0629999496000403	0.0800999359200513	11.266	1.934	23281.42
0.0949999240000608	0.111959910432072	19.902	2.424	35166.2
0.141999886400091	0.158039873568101	16.424	3.157	44663.72
0.210999831200135	0.228059817552146	21.376	4.134	72493.64
0.316999746400203	0.334079732736214	35.012	5.557	93670.71
0.473999620800303	0.491939606448315	52.021	7.946	137097.05
0.711999430400456	0.727919417664466	73.958	11.432	195499.65
1.06699914640068	1.08395913283269	116.684	16.743	372219.77
1.59999872000102	1.61585870731303	163.434	24.723	469203.31
2.39899808080154	2.41595806723355	179.644	37.619	561880.57
3.5979971216023	3.61601710718631	275.411	55.43	666483.04
5.39599568320345	5.41403566877147	343.165	84.233	721578.63
8.09299352560518	8.11007351194119	503.042	122.745	740862.3
12.1389902888078	12.1559302752558	710.715	188.594	723634.37
18.2079854336117	18.2258854192917	1042.42	284.285	737183.92
27.3109781512175	27.3279381376495	1615.332	425.295	757046.54
37.3109701512239	37.3280101375919	2113.715	568.614	778924.62
47.3109621512303	47.3279021376783	2693.85	717.57	801259.69
57.3109541512367	57.3279741376207	3293.445	868.842	823300.44
67.3099461520431	67.3260661391471	3688.873	1015.342	845991.21
77.3099381520495	77.3259581392335	4228.135	1161.154	867627.3
87.3099301520559	87.3260301391759	4858.926	1330.249	889313.26
97.3109221512623	97.3279021376783	5170.45	3157.047	911598.44
