0.000980013720192083	0.0176399858880113	7.026	1.058	15.9
0.00201002814039397	0.0361799710560232	12.963	1.389	21.85
0.00312004368061153	0.0554399556480355	41.414	1.559	31.74
0.00407005698079773	0.0727199418240465	23.671	1.8	47.19
0.0059300830211623	0.104939916048067	35.587	2.019	58.68
0.00850011900166602	0.149579880336096	84.334	2.534	77.17
0.0134301880226323	0.23417981265615	78.117	3.169	124.79
0.0190702669837378	0.329939736048211	129.438	3.871	160.61
0.0279403911654763	0.466199627040298	178.571	4.924	224.76
0.0423105923482929	0.684719452224438	220.87	6.428	383.37
0.0641708983925775	0.996839202528638	369.042	7.854	527.83
0.0951913326786575	1.37339890128088	444.258	10.347	727.72
0.141791985087791	1.86569850744119	696.008	13.529	1292.24
0.209962939481153	2.42333806132955	746.815	17.845	1819.07
0.316384429382011	3.02759757792194	868.752	23.064	2837.76
0.472116609632535	3.60215711827431	1077.891	32.535	4507.63
0.712139969959579	4.12253670197064	1272.578	44.948	6249.33
1.06491490880872	4.64543628365097	1422.951	59.545	9931.45
1.59817237441324	5.24483580413136	1512.928	81.688	13004.53
2.40163362287072	6.04835516131587	1789.949	117.547	22330.11
3.60273043822614	7.21781422574862	2143.585	169.176	31969.63
5.39424551943727	9.05183275853379	2654.301	251.514	49415.26
8.09228329196609	11.7244706204235	3678.559	373.897	74072.84
12.1443000202003	15.7919273664581	4790.487	551.83	106637.97
18.2114349600894	21.857742513806	6509.661	810.094	161181.02
27.3041822585516	30.9437752449798	9766.512	1196.526	235335.06
37.3077723088123	40.9287272570182	15268.561	1613.96	323526.72
47.3166224327141	50.9647992281606	15505.831	2074.873	411720.05
57.3120523687332	60.939131248695	18405.238	2584.936	497910.73
67.3097523365327	70.9642232286214	21140.629	2899.801	583346.59
77.3134423881934	80.9473752420998	24517.057	3367.446	672390.17
87.3105423475929	90.9440272447782	27665.311	3822.076	761282.54
96.9675275453856	99.2159206272635	30203.53	4300.182	842122.27
