0.00102001428019992	0.0181799854560116	7.123	1.058	17.15
0.00201002814039397	0.0361799710560232	11.916	1.172	23.12
0.00314004396061545	0.0561599550720359	18.275	1.281	34.45
0.00400005600078401	0.0709199432640454	25.843	1.328	42.76
0.00591008274115838	0.104219916624067	34.26	1.492	54.66
0.00904012656177186	0.158219873424101	58.008	1.758	88.95
0.0128101793425108	0.222479822016142	72.643	2.119	124.6
0.0187802629236809	0.324719740224208	105.788	2.617	160.32
0.0277203880854332	0.4683596253123	222.707	3.319	274.56
0.041520581288138	0.67175946259243	234.124	4.295	407.58
0.062300872212211	0.964259228592617	317.242	5.934	623.43
0.0937213120983694	1.35755891395287	444.566	8.169	883.72
0.14265199712796	1.8716385026892	611.67	11.196	1217.99
0.211842965801521	2.42387806089755	763.594	15.804	1904.7
0.316584432182051	3.03803756956994	901.756	20.399	2887.9
0.476236667313342	3.60341711726631	1052.121	29.127	4641.81
0.709179928518999	4.11515670787463	1335.817	38.131	6648.63
1.06624492742898	4.61915630467496	1238.502	53.596	10007.57
1.59700235803301	5.23133581493135	1412.972	75.49	13603.93
2.39506353088943	6.02945517643586	1810.088	106.888	22109.3
3.60324044536624	7.23095421523663	2053.439	156.361	30676.02
5.3382747358463	8.38781328974937	2377.129	227.034	48424.91
7.99412191770685	10.8352713317829	3127.083	329.663	72303.44
12.1343798813183	15.7850873719301	4623.403	497.554	105057.08
18.2005848081873	21.854682516254	6088.425	756.554	159107.64
27.3057522805319	30.9493552405158	9273.504	1115.954	232670.23
37.3029222409114	40.9487072410342	12065.895	1547.007	326237.77
47.3125523757333	50.9701992238406	14637.907	1923.479	408324.61
57.3093823313526	60.947951241639	17490.215	2379.83	499798.52
67.3155124171738	70.9519832384134	20787.977	2770.743	587352.59
77.3094023316326	80.9574552340358	23945.497	3257.515	671749.75
87.2993821913507	90.8522273182181	26662.258	3850.697	759552.94
97.203990855872	99.8444801244159	29531.146	7867.423	847209.23
