0.000950013300186203	0.0170999863200109	6.758	0.966	16
0.00201002814039397	0.0356399714880228	12.998	0.993	24.76
0.00309004326060565	0.0554399556480355	17.866	1.16	33.33
0.00375005250073501	0.067139946288043	25.237	1.169	42.99
0.00571007994111918	0.102239918208065	42.385	1.311	60.47
0.0091301278217895	0.160379871696103	50.757	1.611	85.91
0.0129501813025382	0.226259818992145	90.583	1.947	120.44
0.0193202704837868	0.332099734320213	165.58	2.478	193.42
0.0280603928454998	0.470699623440301	185.302	3.118	274.56
0.0422305912282772	0.68723945020844	221.545	4.135	366.25
0.0617208640920973	0.954719236224611	333.342	5.702	557.94
0.0943513209184929	1.36673890660887	477.905	8.418	881.9
0.143292006088085	1.89701848238521	692.499	11.034	1258.1
0.20964293500109	2.41703806636955	822.482	15.15	1754.8
0.317564445902243	3.03497757201794	979.535	23.227	2974.49
0.477266681733544	3.62645709883432	1023.657	28.289	4600.13
0.708939925158952	4.11965670427464	1175.22	38.939	6298.9
1.06191486680814	4.63427629257897	1347.55	53.235	9435.13
1.59523233325267	5.24375580499536	1503.023	78.845	14471.76
2.39219349070887	6.03035517571586	1838.63	110.825	21009.87
3.59871038194535	7.24337420530064	1963.804	160.635	33932.14
5.39100547407664	9.02789277768578	2649.938	236.171	46405.51
8.09238329336611	11.7235706211435	3245.565	346.187	70709.13
12.1358399017586	15.8023673581061	4783.061	516.052	105385.36
18.2037848529879	21.861702510638	6274.969	761.145	159220.98
27.3095223333127	30.9399952480038	8855.018	1143.95	233883.23
37.3088023232325	40.9328672537062	12827.538	1584.581	321823
47.3104823467529	50.9345592523526	14857.557	2009.714	410365.2
57.3102223431128	60.966311226951	17608.901	2400.631	499523.12
67.3116323628531	70.9505432395654	21046.882	2815.258	585250.63
77.2930421025894	80.7059954352036	25978.956	3294.21	673198.44
87.3091723284126	90.9593272325382	27441.62	3875.853	762172.79
97.2240511367159	99.9085600731519	29663.572	7824.026	847232.16
