0.000970013580190123	0.0174599860320112	9.124	1.07	15.65
0.00189002646037045	0.0338399729280217	13.022	1.258	25.81
0.00311004354060957	0.0556199555040356	20.026	1.563	34.5
0.00399005586078205	0.0716399426880459	24.768	1.774	45.75
0.00564007896110546	0.0997199202240638	44.193	2.001	61.96
0.00952013328186595	0.167039866368107	57.772	2.711	88.72
0.013510189142648	0.236699810640151	83.493	3.374	124.6
0.0184802587236221	0.320579743536205	112.319	4.032	174.57
0.0275603858454018	0.463319629344297	165.897	4.854	266.3
0.0385105391475481	0.621719502624398	209.215	5.767	333.41
0.0637408923724932	0.987119210304632	439.403	8.225	559.48
0.0936313108383517	1.34945892043286	504.056	10.135	922.12
0.140141961987468	1.85507851593719	695.771	13.666	1376.2
0.209332930661029	2.42405806075355	767.827	17.707	2084.62
0.319154468162554	3.03587757129794	862.744	23.271	2623.78
0.474126637772929	3.5944171244663	986.185	32.073	4328.17
0.710899952599336	4.11497670801863	1565.683	42.428	6155.28
1.06302488234835	4.64165628667497	1362.774	57.608	9785.09
1.59519233269266	5.22665581867535	1496.346	83.494	13732.45
2.39875358255016	6.04421516462787	1752.902	120.213	19877.01
3.59859038026532	7.23707421034063	2194.612	174.519	33450.31
5.39407551705724	9.05129275896579	2656.595	249.394	48599.6
8.09062326872576	11.7259106192715	3399.984	365.645	74444.01
12.1396199546794	15.7928273657381	4813.65	550.594	105662.21
18.2051548721682	21.846222523022	6496.506	800.95	159677.31
27.3105123471729	30.9329752536198	9267.912	1196.613	234084.89
37.3051622722718	40.9348472521222	13539.377	1620.769	321805.07
47.3108223515129	50.9469792424166	15315.656	2070.198	412547.21
57.3071523001322	60.939851248119	18396.841	2509.218	497822.34
66.9674475442656	69.2387446090043	21419.591	2902.824	578635.78
77.3039622554716	80.9509752392198	24195.596	3346.037	672352.21
87.3101223417128	90.9488872408902	27407.935	3866.121	761260.66
97.2230311224357	99.9100000719999	32568.446	4241.01	847225.51
