0.00103001442020188	0.0185399851680119	9.423	1.373	15.78
0.00301004214058997	0.0534599572320342	24.718	1.661	30.44
0.00416005824081537	0.0739799408160473	40.567	1.914	47.12
0.00586008204114858	0.103859916912066	47.294	2.256	58.7
0.00902012628176794	0.159479872416102	77.888	2.884	88.7
0.0130801831225637	0.228419817264146	177.692	3.403	123.1
0.019020266283728	0.329579736336211	204.696	4.057	181.92
0.0280803931255038	0.4692596245923	219.551	4.849	263.54
0.0349804897268562	0.565199547840362	266.546	5.304	333.41
0.0625908762722678	0.974699220240624	435.76	7.873	626.46
0.0948313276385869	1.37105890315288	712.544	9.58	827.75
0.211722964121498	2.42963805628955	1125.927	17.352	1954.82
0.476116665633319	3.61997710401832	1515.416	32.992	4433.56
0.708549919698876	4.12163670269064	1835.345	40.785	6622.85
1.06645493036903	4.64345628523497	1988.516	55.514	9077.92
2.3908234715286	6.03215517427586	2524.276	113.435	21161.74
3.5984803787253	7.25111419910864	4174.469	163.159	30162.47
8.09780336924717	11.7385106091915	5626.172	347.139	70113.58
18.2088249235489	21.83776252979	10017.997	776.398	156257.74
27.3118923664931	30.9408952472838	14531.146	1147.212	234529.34
37.2708617920651	40.4582076334339	18348.72	1562.287	320037.52
57.3083423167924	60.959111232711	27804.411	2388.39	499630.82
77.3137823929535	80.9421552462758	37721.094	3297.38	672436.62
87.2729218209055	90.4857476114019	41380.721	3638.905	759986.31
97.0788291036074	99.4688204249437	47688.941	4044.626	844728.49
