0.000840011760164642	0.0151199879040097	8.074	1.065	16.07
0.00289004046056645	0.0516599586720331	20.396	1.501	31.61
0.00423005922082909	0.0748799400960479	25.501	1.727	42.76
0.00932013048182675	0.164519868384105	72.236	2.672	88.72
0.0197302762238671	0.334439732448214	127.114	3.945	187.65
0.0284903988655841	0.476459618832305	150.517	5	283.08
0.0314404401661623	0.505439595648324	182.531	5.658	87.28
0.0623108723522129	0.973979220816623	309.563	7.754	553.36
0.0923512929181008	1.34225892619286	755.253	10.728	815.16
0.140911972767619	1.86443850844919	712.433	13.205	1386.62
0.212282971961607	2.44187804649756	772.779	18.057	1975.97
0.315974423641931	3.03245757403394	1019.06	23.965	2719.5
0.473486628812803	3.61277710977831	1120.565	32.377	4613.19
0.708429918018852	4.09751672198662	1213.843	42.26	5831.4
1.06522491314878	4.61465630827495	1359.13	58.984	9924.06
1.60244243419408	5.22359582112334	1481.749	84.495	13192.75
2.40280363925095	6.05465515627588	1771.308	120.25	19847.62
3.60435046090645	7.24373420501264	2041.712	172.945	32207.47
5.39168548359677	9.04949276040579	2764	251.698	48120.5
12.1424199938799	15.7838273729381	5048.382	548.58	103628.68
18.2048848683882	21.851982518414	6548.034	801.298	159691.1
27.3022522315312	30.9108352713318	9303.423	1195.578	238409.85
37.3056422789919	40.9519472384422	12689.684	1659.478	326472.28
47.3108123513729	50.9543592365126	15461.454	2097.293	411313.64
57.3118923664931	60.953351237319	18310.49	2485.493	499073.48
77.311362359073	80.9416152467078	24573.801	3396.376	672555.29
87.3096423349927	90.9483472413222	27566.225	3839.849	761301.75
97.1850305904283	99.7615001907999	30482.943	4243.83	847158.53
