0.00104001456020384	0.018719985024012	3.412	1.077	15.92
0.00176002464034496	0.0316799746560203	6.077	1.128	24.71
0.00272003808053313	0.048419961264031	18.111	1.208	31.96
0.00430006020084281	0.0773999380800495	9.243	1.261	36.27
0.00602008428117994	0.106919914464068	12.025	1.407	59.05
0.0090301264217699	0.160199871840103	26.173	1.581	90.22
0.0126501771024794	0.220679823456141	25.432	1.908	131.94
0.0192202690837672	0.329579736336211	79.411	2.379	163.13
0.027280381925347	0.458099633520293	48.413	2.896	260.65
0.0414905808681322	0.675359459712432	73.023	4.029	408.91
0.0626608772522815	0.970379223696621	103.848	5.476	626.46
0.095821341498781	1.38617889105689	178.013	7.524	876.43
0.139911958767423	1.85507851593719	222.929	10.883	1322.08
0.213702991841886	2.43305805355356	246.549	14.559	1850.48
0.316414429802017	3.02255758195393	276.636	19.904	3117.29
0.478296696153746	3.63203709437032	315.686	29.163	4318.5
0.71188996645953	4.12505669995464	385.444	44.765	6908.41
1.06700493806913	4.64507628393897	468.182	50.404	8971.58
1.59851237917331	5.21675582659534	454.788	71.638	15153.75
2.39466352528935	6.01199519040385	655.412	102.868	22289.22
3.59894038516539	7.24193420645264	573.211	152.392	30226.91
5.39186548611681	9.01997278402177	773.484	221.923	49081.84
8.09125327754588	11.7327506137995	1081.187	329.51	71015.28
12.1316398429578	15.7697873841701	1347.824	488.718	105592.68
18.2038248535479	21.842802525758	1784.259	725.773	153503.03
27.3038722542116	30.9324352540518	2784.065	1107.304	233043.7
37.3154424161938	40.9505072395942	3748.798	1492.834	324119.54
47.3090323264526	50.9448192441446	4265.875	1893.935	408659.81
57.3119923678931	60.951731238615	5454.644	2329.639	496964.8
67.3152724138138	70.9606232315014	6221.326	2725.096	587371.76
77.3103123443728	80.9522352382118	7073.811	3187.575	672467.91
87.311342358793	90.9699472240422	7672.167	3925.003	761995.58
97.0910392745498	99.5068003945597	8593.663	8655.077	844202.24
