0.00317004438062133	0.0565199547840362	18.902	1.674	30.44
0.00381005334074677	0.0674999460000432	24.686	1.69	45.97
0.00611008554119758	0.108539913168069	38.672	2.134	58.7
0.00836011704163858	0.146339882928094	49.899	2.509	80.28
0.0127301782224951	0.223919820864143	96.793	3.283	125.94
0.0415005810081341	0.677519457984434	244.957	6.091	393.33
0.0627508785122992	0.96929922456062	375.403	7.628	589.02
0.0954213358987026	1.38905888875289	506.835	10.289	849.34
0.473186624612745	3.5947771241783	1048.024	31.68	4654.36
0.709989939859158	4.12109670312264	1194.985	42.581	6694.17
1.5106911496761	4.3752564997948	1226.601	73.457	12796.94
3.5989703855854	7.25129419896464	2172.788	174.606	32912.03
5.39533553469749	9.04211276630979	2583.717	246.475	47722.84
8.08913324786547	11.7478706017035	3419.486	372.044	69235.35
12.1313398387577	15.7672673861861	4535.71	542.641	104972.69
18.199004786067	21.833622533102	6675.766	811.327	154361.54
67.3087723228125	70.9651232279014	21644.715	2959.982	584231.23
77.3088923244925	80.9385552491558	26879.871	3347.973	672435.19
87.3117123639731	90.9488872408902	27483.558	3873.768	761252.76
