0.00284003976055665	0.0511199591040327	6.937	1.484	31.96
0.00370005180072521	0.0660599471520423	9.21	1.718	42.79
0.00925012950181303	0.162719869824104	18.592	2.5	88.72
0.0133101863426088	0.232199814240149	25.063	2.983	118.72
0.0276603872454214	0.466199627040298	50.763	4.398	253.18
0.0418805863282086	0.683999452800438	413.344	5.553	387.68
0.140621968707562	1.86137851089719	192.773	11.924	1376.2
0.210472946621253	2.41775806579355	240.469	17.206	1943.36
0.475226653173144	3.61529710776231	373.402	30.52	3935.12
0.710659949239289	4.12415670067464	367.157	39.306	6122.75
1.06908496718954	4.64021628782697	476.525	55.187	10315.24
3.59527033378467	7.23707421034063	687.364	160.382	33623.34
5.39506553091743	9.03833276933378	978.844	233.564	47827.32
8.08706321888506	11.7233906212875	1161.871	346.677	69224.37
27.3097123359727	30.9353152517478	3131.246	1125.187	237093.11
47.3104223459128	50.9440992447206	5430.894	1937.585	409889.47
57.3083223165124	60.956231235015	6268.102	2358.205	499614.45
67.306182286552	70.9498232401414	7386.473	2781.281	586387.65
77.3083623170724	80.9659152272678	8486.141	3188.645	672008.46
97.1075195052731	99.5361403710877	10481.468	4079.457	845265.56
