0.00103001442020188	0.0183599853120118	3.59	1.072	15.78
0.00202002828039593	0.0363599709120233	5.409	1.179	21.7
0.00336004704065857	0.0601199519040385	8.403	1.252	31.57
0.00369005166072325	0.0656999474400421	8.298	1.249	35.92
0.00587008218115054	0.103499917200066	17.689	1.363	60.29
0.00912012768178755	0.161099871120103	18.522	1.595	87.35
0.0127901790625069	0.222659821872143	30.444	1.92	113.09
0.0188002632036849	0.325439739648208	43.303	2.214	191.98
0.0254603564449902	0.410759671392263	43.852	2.671	87.28
0.0281003934055077	0.471599622720302	51.384	2.784	253.18
0.0621808705321875	0.970019223984621	101.32	5.431	589.02
0.0938713141983988	1.36727890617688	176.975	7.225	829.37
0.14061196856756	1.85255851795319	201.648	10.262	1310.62
0.211802965241513	2.42261806190555	263.763	13.856	1987.35
0.316624432742058	3.03569757144194	309.367	20.112	3056.01
0.473386627412784	3.60395711683431	341.179	25.789	4439.63
0.708299916198827	4.12199670240264	449.732	36.291	5973.55
1.06485490796871	4.63877628897897	400.38	52.175	9483.01
1.59837237721328	5.20883583293133	459.079	70.79	15149.1
2.39556353788953	6.05069515944387	511.847	103.502	21892.69
3.59733036262508	7.25597419522064	669.06	151.663	32779.32
5.3933755072571	9.03311277350978	718.173	222.822	46462.39
8.09566333928675	11.7516505986795	976.087	335.821	68092.82
12.1414899808597	15.7939073648741	1304.525	495.442	110349.5
18.2061448860284	21.87196250243	1757.339	743.001	160618.01
27.306122285712	30.9709552232358	2490.957	1115.613	235818.94
37.3064222899121	40.9616672306662	3263.179	1515.681	320784.27
47.3044822627517	50.9401392478886	4312.904	1906.33	411327.33
57.3094723326127	60.956051235159	5125.558	2324.781	498575.9
67.3129923818934	70.9617032306374	6185.24	2764.234	585189.44
77.3134123877734	80.9489952408038	6907.294	3170.925	671991.03
87.3101323418528	90.9447472442022	7342.825	3920.524	761649.52
96.9953479348711	99.2773005781595	7988.162	8839.558	842533.88
