0.00103001442020188	0.0185399851680119	6.748	0.903	15.85
0.00200002800039201	0.0358199713440229	12.527	1.001	21.85
0.00319004466062525	0.0570599543520365	21.908	1.131	30.44
0.00372005208072913	0.0665999467200426	22.285	1.137	44.36
0.00575008050112702	0.102959917632066	33.271	1.296	54.66
0.00834011676163466	0.146699882640094	46.855	1.535	87.6
0.0127301782224951	0.221939822448142	74.747	1.934	123.08
0.0188002632036849	0.323639741088207	105.494	2.42	178.73
0.0281503941055175	0.471959622432302	154.389	3.07	266.2
0.0425805961283458	0.694799444160445	265.789	4.251	389.27
0.0622108709521933	0.973619221104623	377.015	5.793	527.83
0.0952313332386653	1.36421890862487	448.898	7.812	897.83
0.140331964647505	1.86173851060919	684.986	11.148	1292.24
0.212502975041651	2.44871804102557	775.806	15.263	2053.04
0.315464416501831	3.02669757864194	909.295	20.664	2918.91
0.473016622232711	3.60269711784231	1125.556	28.397	4241.52
0.70836991717884	4.12379670096264	1117.269	37.79	6102.73
1.04603464448502	4.36103651117079	1331.728	52.059	8798.18
1.60179242509395	5.21999582400334	1467.095	74.994	12943.63
2.39635354894969	6.04547516361987	2286.595	109.733	21464.08
3.60412045768641	7.23707421034063	2083.544	161.977	30859.11
5.39007546105645	9.03077277538178	2591.157	233.26	45642.18
8.08910324744546	11.7251906198475	3522.052	344.851	71117.75
12.1302998241975	15.7847273722181	4513.582	515.885	105492.96
18.2036148506079	21.852882517694	6789.171	759.005	153459.37
27.3088223235125	30.9381952494438	9049.076	1146.39	236603.83
37.3140923972936	40.9528472377222	12314.947	1603.77	322569.85
47.3067922950921	50.9575992339206	15088.635	2010.307	411239.94
57.3090823271526	60.966491226807	18215.851	2396.817	499485.03
67.3125523757333	70.9478432417254	20696.411	2865.288	585243.92
77.3069722976122	80.9630352295718	24193.515	3258.056	671294.51
87.3069922978922	90.9274672580262	27291.765	3941.375	761518.64
97.2112409573734	99.8662601069919	29195.607	7847.749	847211.92
