0.00216003024042337	0.0388799688960249	6.478	1.565	23.22
0.00311004354060957	0.0559799552160358	9.057	1.692	31.61
0.00384005376075265	0.0685799451360439	9.399	1.799	42.79
0.00569007966111526	0.100619919504064	11.68	2.073	55.94
0.0075801061214857	0.133919892864086	20.799	2.456	77.54
0.0128901804625265	0.226439818848145	30.471	3.255	120.24
0.019510273143824	0.334259732592214	35.402	3.826	190.39
0.0277103879454312	0.465299627760298	58.159	4.593	247.63
0.0416705833881674	0.681119455104436	69.41	5.918	420.36
0.092061288858044	1.34621892302486	177.176	9.056	727.72
0.140491966887536	1.85939851248119	210.428	12.092	1310.62
0.211612962581476	2.42585805931355	307.016	16.533	2056.12
0.314774406841696	3.02381758094594	301.808	23.444	2852.13
0.47122659717236	3.5936971250423	303.47	30.543	4079.06
1.06744494422922	4.63067629545896	381.816	55.476	9691.73
1.60297244161418	5.23817580945935	499.221	80.224	14734.27
3.59879038306536	7.24301420558864	561.769	161.185	32390.68
5.38602540435566	9.03167277466178	715.295	239.364	49059.43
7.89525053350747	10.4255916595267	974.818	336.498	69297.55
12.1374899248589	15.7723073821541	1261.657	519.386	102786.35
27.3033022462314	30.9504352396518	2691.535	1143.169	231290.69
37.3058622820719	40.9537472370022	4111.136	1561.675	326092.03
47.3089223249126	50.9460792431366	4260.846	1973.803	408785.43
67.3116323628531	70.9519832384134	5937.391	2816.139	584709.64
77.3037722528115	80.9484552412358	6862.597	3267.57	672346.68
87.3128423797933	90.9487072410342	7614.045	3698.143	762461.62
97.0696489750857	99.4544204364636	8375.819	4022.075	843785.15
