0.000799999360000512	0.0143999884800092	6.2	1.084	307.69
0.0014099988720009	0.0253799796960162	10.611	1.233	671.91
0.00237999809600152	0.0428399657280274	14.745	1.51	1002.7
0.00298999760800191	0.0538199569440344	18.984	1.704	1202.86
0.00377999697600242	0.0680399455680435	32.955	1.851	1512.12
0.0054699956240035	0.098459921232063	32.401	2.107	2030.51
0.00664999468000426	0.119519904384076	41.188	2.349	2608.46
0.0102699917840066	0.184499852400118	93.619	3.207	3787.66
0.0178599857120114	0.320399743680205	103.96	4.746	6981.18
0.0325599739520208	0.583379533296373	241.835	6.392	13310.35
0.0348099721520223	0.622799501760399	271.269	6.712	12181.51
0.0739499408400473	1.31831894534484	486.083	11.976	27618.78
0.0978299217360626	1.73573861140911	581.378	15.654	35986.24
0.117329906136075	2.07053834356932	672.172	16.718	38527.43
0.207879833696133	3.62195710243432	1285.701	29.207	72518.84
0.366249707000234	6.26489498808401	2058.339	48.373	121569.79
0.632709493832405	10.5841715326628	3341.887	81.738	177095.94
0.739149408680473	11.9401104479116	3422.29	126.363	290432.54
1.01913918468865	15.612467510026	4454.471	158.822	345914.29
1.7139686288251	24.2330206135835	5925.294	280.493	490603.07
2.24756820194544	28.7402170078264	5857.768	311.657	543933.98
4.49505640395488	48.6890610487512	6656.118	533.18	700572.45
7.19968424025261	64.1712086630331	5973.402	696.897	739786
10.7723213821429	73.9246808602553	6053.709	820.756	725239.98
14.3337985329612	71.960342431726	5955.192	841.877	728931.5
25.6019295184564	94.7715441827647	5448.062	1114.635	753314.83
34.7428322057342	98.1008215193428	5094.598	1156.237	773370.06
43.4925152059878	99.3583005133596	5215.216	1199.783	793160.94
49.0330807735354	97.9953416037267	5287.489	1206.378	805572.05
59.5757723393821	99.970480023616	5226.005	1249.782	829093.67
65.3334377332498	99.933580053136	5351.556	1312.255	840950.31
73.0680315455748	100.0	5391.289	1307.672	858206.99
78.6773370581303	100.0	5421.266	1329.302	870636.97
