0.00063999948800041	0.0115199907840074	5.241	0.864	228.16
0.000829999336000531	0.0149399880480096	5.892	0.894	418.79
0.00223999820800143	0.0401399678880257	17.454	1.089	928
0.00275999779200177	0.0494999604000317	25.672	1.155	1253.8
0.00425999659200273	0.0766799386560491	38.036	1.32	1793.07
0.00701999438400449	0.126179899056081	43.892	1.541	2786.35
0.00970999223200622	0.174779860176112	76.32	1.913	3837.54
0.0145099883920093	0.261179791056167	89.065	2.445	6161.66
0.0182399854080117	0.32759973792021	133.248	2.923	6981.18
0.0318699745040204	0.570959543232365	205.044	4.455	12045.17
0.053129957496034	0.950399239680608	335.334	6.789	21737.59
0.0807099354320517	1.43603885116892	610.269	10.284	31758.19
0.119339904528076	2.11247831001735	695.254	14.199	42484.5
0.170949863240109	3.00977759217793	1061.37	20.721	56630.37
0.213899828880137	3.72113702309038	1281.884	25.791	74278.96
0.360509711592231	6.06401514878788	1884.287	43.239	115826.65
0.372189702248238	6.38261489390808	2934.178	44.65	118429.77
0.941929246456603	15.2137678289857	4767.973	140.858	332578.28
1.32412894069685	20.258623793101	5371.882	209.765	411309.16
1.42670885863291	20.356723714621	5096.398	211.305	443974.97
3.26386738890609	41.7295466163627	8680.842	457.65	638305.96
4.14494668404265	44.9321040543168	6092.649	479.033	687617.35
6.45708483433213	56.7809545752363	5568.93	605.467	736795.53
11.2248610201112	77.9050176759859	5970.509	857.034	721627.74
16.3848568921145	83.1854934516052	5845.195	941.634	732768.74
24.7737901809679	90.7516073987141	5680.772	1053.462	751236.86
33.9086028731177	95.7183434253253	5211.627	2855.359	771532.62
42.0807663353869	97.3799220960623	5062.943	2882.607	790191.68
48.6882410494072	97.7033818372945	5342.229	2914.002	804767.35
58.7965629627496	99.8524001180799	4990.838	2972.07	826513.24
66.5866967306426	99.994240004608	4991.507	2996.114	844809.51
72.9751816198547	99.99910000072	5000.066	3045.633	858359.49
78.6861770510584	100.0	5081.767	3050.251	870619.67
