0.000589999528000378	0.0106199915040068	4.861	0.926	212.24
0.00154999876000099	0.0278999776800179	10.245	1.004	620.58
0.00158999872800102	0.0286199771040183	10.826	1.025	620.58
0.00345999723200221	0.0622799501760399	33.647	1.211	1512.12
0.00366999706400235	0.0660599471520423	21.765	1.225	1230.29
0.00760999391200487	0.136979890416088	51.146	1.653	3022.02
0.0085999931200055	0.154619876304099	48.668	1.734	2921.68
0.0141599886720091	0.253799796960162	108.523	2.443	5566.31
0.01568998744801	0.28187977449618	98.792	2.545	5535.93
0.0349599720320224	0.6245995003204	218.071	4.741	12181.51
0.0356199715040228	0.638639489088409	223.134	4.738	13453.36
0.079669936264051	1.42109886312091	496.143	10.036	29052.69
0.113119909504072	2.00807839353729	681.465	13.767	39017.17
0.159599872320102	2.8088977528818	931.356	19.532	57624.61
0.283919772864182	4.94999604000317	1824.049	35.433	93053.41
0.322909741672207	5.53085557531554	1723.76	40.013	106931.86
0.637979489616408	10.6977514417988	3344.348	75.396	183616.76
0.778939376848499	12.577489938008	3655.693	125.828	303815.51
1.20331903734477	18.4274852580118	4970.436	196.7	402954.84
2.11388830888935	30.0273959780832	7278.466	334.183	531173.21
3.20497743601805	40.9154072676742	8067.37	429.523	629366.2
3.63881708894633	39.6712482630014	5402.257	419.157	662744
6.50036479970816	57.1276342978926	5312.703	612.896	737072.12
8.21616342706926	56.6884346492523	5186.645	617.97	740462.93
16.9535764371388	87.1694302644558	5820.96	979.145	733832.87
25.7072594341925	95.313163749469	5310.206	2825.045	753655.9
34.8444421244463	98.383061293551	4917.173	2868.282	773597.76
38.1492494806004	91.2181670254664	5652.11	1095.203	780890.43
51.8669585064332	99.8585201131839	5011.47	2936.538	811683.9
59.424892460086	99.951220039024	5030.639	2944.874	828730.16
66.4295568563545	99.99010000792	5457.149	3057.143	843586.1
72.5744419404464	99.996940002448	5089.094	3029.651	857539.75
78.6551870758503	100.0	5051.653	3032.944	870604.89
