0.00099999920000064	0.0179999856000115	7.582	1.093	379.14
0.00120999903200077	0.0217799825760139	8.122	1.129	585.02
0.0018799984960012	0.0338399729280217	12.184	1.195	616.63
0.0035899971280023	0.0646199483040414	25.844	1.551	1480.86
0.00399999680000256	0.0719999424000461	23.959	1.442	1656.59
0.00649999480000416	0.116819906544075	38.976	1.698	2674.23
0.0098399921280063	0.176939858448113	62.608	2.092	3837.54
0.0110599911520071	0.198719841024127	73.921	2.267	4606.93
0.0247699801840159	0.444779644176285	181.615	3.862	9163.71
0.0267199786240171	0.479519616384307	160.733	4.179	10354.64
0.0488999608800313	0.873719301024559	308.923	6.503	18533.44
0.0661399470880423	1.17827905737675	418.64	8.421	24546.05
0.0935099251920598	1.66193867044906	543.638	11.549	35389.24
0.13989988808009	2.46923802460958	847.863	17.912	51461.57
0.193289845368124	3.36815730547416	1064.978	23.597	62710.78
0.372419702064238	6.38549489160409	2007.201	44.942	118429.77
0.628639497088402	10.5319715744227	3181.954	78.313	177026.32
0.646439482848414	10.4394516484387	3072.244	75.57	189191.21
1.32931893654485	20.312803749757	5549.64	207.601	411518.29
1.95425843659325	27.6177379058097	6595.087	291.425	529691.62
2.45319803744157	31.1079351136519	6128.906	334.79	578804.31
4.56711634630692	49.6268602985118	6348.872	542.648	696220.88
7.25612419510064	64.7934681652255	6307.059	695.427	740290.88
9.13706269034985	62.0796103363117	5286.778	692.193	735234.4
16.3221269422984	82.744673804261	5957.47	936.24	732626.17
23.9422508461993	87.2432302054158	5992.514	1034.427	749461.41
34.6787322570142	97.9084016732787	5075.831	2925.443	773240.13
40.8844972924022	95.5869435304452	6426.888	2936.084	787202.25
51.6450786839371	99.7654601876318	5521.592	2989.342	811198.59
59.43161245471	99.951940038448	5134.537	3038.629	828730.74
66.4754968196025	99.9910000072	5089.806	3050.744	844538.97
73.0350515719587	100.0	5158.34	3093.972	858125.11
78.6907870473704	100.0	5122.975	3112.499	870602.83
