0.000879999296000563	0.0158399873280101	6.461	1.113	311.66
0.00122999901600079	0.0221399822880142	8.394	1.182	462.38
0.00182999853600117	0.0329399736480211	11.757	1.349	762.63
0.0037499970000024	0.0673199461440431	27.798	1.73	1359.53
0.00381999694400244	0.068759944992044	24.077	1.92	1480.86
0.00597999521600383	0.107639913888069	37.421	2.485	2469.08
0.0116299906960074	0.208979832816134	70.717	3.415	4335.64
0.01569998744001	0.28115977507218	115.164	4.079	5703.14
0.023379981296015	0.419939664048269	187.279	5.593	9957.2
0.0336899730480216	0.604619516304387	216.52	6.61	12317.77
0.0489299608560313	0.873719301024559	288.765	8.757	19655.35
0.0510299591760327	0.909359272512582	394.327	8.793	17913.37
0.10993991204807	1.95083843932925	727.62	15.846	42056.29
0.161079871136103	2.83877772897782	1422.359	22.115	57624.61
0.251479798816161	4.33169653464277	1473.193	32.075	80728.28
0.268549785160172	4.66739626608299	1602.033	34.927	88418.2
0.478019617584306	7.98623361101311	2596.964	60.964	149712.07
0.67161946270443	10.8536313170949	3239.265	83.312	177095.94
1.44621884302493	22.2037022370382	6159.125	231.539	439884.73
1.97014842388126	27.8155577475538	6654.528	295.824	529716.69
2.73380781295375	34.6177523057982	6864.783	368.427	606866.22
4.685226251819	51.1055591155527	7125.249	574.526	700974.25
7.15083427933258	63.6385890891287	6200.708	691.696	739378.46
10.6941414446868	73.2772213782229	5968.509	830.799	725783.21
14.8884780892175	74.6448602841118	5885.068	844.089	729925.6
24.9002100798319	91.3160869471304	5924.874	1092.861	751234.7
32.7255138195889	92.5912059270353	5730.463	1089.599	769107.26
37.7102698317841	90.4963676029059	5949.925	1082.486	779801.89
50.1494798804161	98.8627609097913	5216.517	1216.667	807894.56
59.5957823233741	99.973540021168	5393.414	1275.826	829135.28
66.6837366530107	99.995320003744	5293.192	1313.655	844849.99
73.0664015468788	99.999820000144	5484.041	1314.848	858320.88
78.6906670474664	100.0	5595.722	1343.295	870602.92
