0.000619999504000397	0.0111599910720071	5.515	0.93	267.94
0.0010999991200007	0.0197999841600127	7.634	0.98	414.83
0.0026599978720017	0.0478799616960306	15.934	1.128	908.34
0.00270999783200173	0.0487799609760312	16.384	1.145	1198.94
0.00453999636800291	0.0817199346240523	25.135	1.292	1828.13
0.00469999624000301	0.0845999323200541	30.438	1.39	2298.5
0.0106199915040068	0.191159847072122	59.63	2.014	4013.9
0.0167699865840107	0.301859758512193	107.002	2.616	6282.73
0.0208899832880134	0.37457970033624	123.755	3.26	8123.96
0.0285499771600183	0.511739590608328	169.494	3.979	11332.75
0.0537199570240344	0.960299231760615	337.647	7.172	17855.63
0.057809953752037	1.03175917459266	355.883	7.312	22051.13
0.0898799280960575	1.59533872372902	619.469	11.111	29370.56
0.186549850760119	3.2848173721461	1135.782	22.829	62163.46
0.244459804432156	4.26473658821073	1522.634	28.388	83156.51
0.275929779256177	4.73651621078703	1464.84	31.665	90411.5
0.378449697240242	6.36101491118807	2016.189	45.403	115213.06
0.650269479784416	10.5294515764387	3082.989	74.434	186048.07
1.22602901917678	18.716205027036	5241.988	199.894	414721.52
1.94877844097725	27.5423179661456	6474.137	288.855	529683.43
2.41863806508955	30.7338954128837	6165.863	330.449	574399.3
3.79378696497043	41.2014270388584	5399.904	431.816	672050.1
6.75175459859632	59.4872524101981	6066.393	650.903	737957.3
11.0845611323511	76.6664386668491	6039.777	838.113	721662.28
13.2686893850485	67.2754861796111	5406.046	753.96	726436.37
24.3907204874236	89.072928741657	5752.785	1029.536	750115.44
34.8465021227983	98.392961285631	4893.327	2864.947	773765.48
40.3088077529538	94.6842442526046	5477.272	2840.874	785728.25
51.1422690861847	99.5098603921117	4956.309	2928.221	810078.24
56.6589446728443	99.2481406014875	5200.63	2986.968	821800.33
65.646517482786	99.956260034992	5039.675	2972.785	842314.12
73.0617115506308	99.999820000144	5090.526	3009.648	858344.48
78.6742970605624	100.0	4970.443	3027.596	870572.66
