0.000769999384000493	0.0138599889120089	6.69	1.108	395
0.00151999878400097	0.0273599781120175	10.078	1.347	620.58
0.0028199977440018	0.0507599593920325	17.769	1.623	1112.65
0.00285999771200183	0.0514799588160329	17.776	1.584	1151.88
0.00397999681600255	0.0716399426880459	25.086	1.851	1687.8
0.00575999539200369	0.103679917056066	79.972	2.427	2030.51
0.0101699918640065	0.183059853552117	66.298	3.134	3837.54
0.0127199898240081	0.228599817120146	119.363	3.767	5231.88
0.0181999854400116	0.325979739216209	149.567	4.319	6188.15
0.0335999731200215	0.603539517168386	221.207	6.548	15353.71
0.0378999696800243	0.677519457984434	270.998	7.268	14766.6
0.0686199451040439	1.22183902252878	405.874	10.961	26045.35
0.0979199216640627	1.73537861169711	596.737	14.312	35986.24
0.184949852040118	3.25511739590608	1091.53	25.813	64369.74
0.20256983794413	3.52799717760226	1216.59	27.761	69433.79
0.377669697864242	6.46433482853214	2214.906	49.763	117042.36
0.619539504368397	10.3719517024386	3273.115	81.804	189342.41
0.882029294376565	14.2192686245851	4266.187	150.415	309365.71
1.13851908918473	17.4004060796751	4909.087	168.649	390291.49
1.94562844349725	27.4937180050256	6462.868	292.985	529530.22
2.58803792956966	32.769153784677	6734.049	365.716	590756.04
4.85607611513911	53.2720373823701	8061.326	607.852	706610.01
6.97301442158846	61.7712705829835	6244.104	692.223	738604.98
10.3397817281746	70.346103723117	5876.522	787.38	728574.41
15.2456678034658	76.520278783777	5927.074	868.55	730587.36
24.5096303922957	89.5535283571773	5797.007	1053.41	750461.26
34.8414921268063	98.3504813196149	5162.618	1154.52	773741.71
38.9763488189209	92.5577259538192	5682.021	1111.243	782866.15
50.5314795748163	99.1196207043034	5288.544	1232.88	808634.06
58.3711333030934	99.7627601897918	5332.763	1264.016	825303.41
66.5493967604826	99.993520005184	5248.72	1273.413	844706.12
72.6352718917825	99.997480002016	5322.671	1303.373	857674.03
78.6630270695783	100.0	5310.265	1339.857	870622.07
