0.000629999496000403	0.0113399909280073	5.947	0.878	212.24
0.00149999880000096	0.0269999784000173	16.833	0.988	573.16
0.00232999813600149	0.0419399664480268	19.9	1.077	817.8
0.00285999771200183	0.0512999589600328	23.631	1.134	1022.34
0.00540999567200346	0.0971999222400622	42.398	1.394	2205.35
0.00567999545600364	0.102239918208065	42.217	1.371	2565.89
0.0117099906320075	0.210599831520135	134.666	2.044	4343.29
0.0122399902080078	0.219779824176141	114.774	2.081	4232.18
0.0193499845200124	0.347219722224222	168.064	2.933	7805.12
0.0342099726320219	0.613619509104393	279.971	4.278	15353.71
0.0475399619680304	0.850319319744544	434.185	5.768	18533.44
0.073399941280047	1.30751895398484	628.371	8.303	28434.57
0.119249904600076	2.11589830728135	1083.918	13.154	46370.5
0.159669872264102	2.79503776396979	1345.43	18.33	56353.09
0.179249856600115	3.16025747179402	1526.528	21.113	67053.64
0.389029688776249	6.65207467834026	3071.581	41.549	140944.94
0.433659653072278	7.26137419090065	3127.116	46.131	133615.82
0.907919273664581	14.6847482522014	5720.687	127.574	341957.25
1.01514918788065	15.562067550346	5714.023	135.421	343427.6
1.51087879129697	21.4721828222537	6942.837	206.472	438076.3
2.82699773840181	35.7647113882309	9148.934	368.104	609942.96
4.685456251635	51.1082591133927	9186.485	516.198	700946.66
7.29250416599667	65.1682278654177	8090.924	685.529	740173.14
10.3229717416226	70.2186638250689	7023.97	739.161	728718.01
16.9064264748588	86.8177105458316	6765.968	933.926	733624.59
24.2036706370635	88.3077493538005	6722.704	984.849	749995.64
29.5953063237549	85.1217519025985	6675.379	972.824	762519.27
43.5346151723079	99.4150004679996	5213.368	2052.981	793383.71
51.488518809185	99.6877002498398	5744.752	2088.253	810795.15
59.433522453182	99.949240040608	5256.922	2099.423	828400.4
65.0241979806416	99.9110800711359	5194.426	2148.115	840915.82
72.7465218027826	99.997840001728	5263.715	2146.398	857941.12
78.6604870716103	100.0	6435.87	2188.386	870613.93
