0.000929999256000595	0.0167399866080107	11.337	0.944	311.66
0.0017199986240011	0.0309599752320198	16.246	1.043	679.81
0.00206999834400132	0.0372599701920238	20.302	1.079	837.49
0.00334999732000214	0.0602999517600386	52.025	1.226	1230.29
0.00392999685600252	0.0707399434080453	30.243	1.222	1539.47
0.00774999380000496	0.139499888400089	64.161	1.603	3287.96
0.0110299911760071	0.198539841168127	84.527	1.955	4343.29
0.0114099908720073	0.205199835840131	115.725	2.117	4232.18
0.0210499831600135	0.377819697744242	185.233	3.127	8468.76
0.0364999708000234	0.653759476992418	298.499	4.784	14744.71
0.0419899664080269	0.75041939966448	417.562	5.297	16748.69
0.079739936208051	1.41677886657691	688.502	9.349	29052.69
0.0995299203760637	1.76669858664113	898.077	11.115	36718.52
0.18737985009612	3.30191735846611	1600.811	20.299	62163.46
0.262989789608168	4.58351633318693	2200.071	31.859	84518.41
0.385099691920246	6.58475473219621	3044.937	41.644	121289.31
0.394239684608252	6.61553470757223	3011.447	41.993	115094.3
0.568539545168364	9.24353260517392	3710.852	57.31	161674.15
1.37907889673688	19.7301442158846	7303.086	194.232	428045.59
1.38710889031289	21.2482630013896	7830.163	204.034	427484.49
2.32515813987349	29.613756308995	7923.918	306.675	554791.16
4.55320635743491	49.4452404438076	8492.363	507.148	696590.55
6.22797501761999	54.8511761190591	6912.774	576.309	734943.82
10.3590117127906	70.5075635939491	7063.624	741.977	728411.47
13.0991095207124	66.5590867527306	7972.953	724.092	726191.87
22.3188721449023	81.4150148679881	7584.054	912.59	746474.72
33.7482230014216	95.299483760413	5909.893	2221.066	771031.21
41.0413471669223	95.8189633448293	5876.782	2222.83	787710.84
49.5771003383197	98.442461246031	5254.758	2136.595	806653.68
56.7407146074283	99.2724405820475	5273.975	2108.652	822224.93
66.4149968680025	99.989020008784	5217.264	2144.058	844344.65
72.4616920306464	99.996580002736	5322.738	2155.209	857330.83
78.6648370681303	100.0	5342.658	2184.541	870509.08
