0.000679999456000435	0.0122399902080078	6.75	1.223	267.94
0.00165999867200106	0.0298799760960191	13.847	1.527	746.86
0.00242999805600156	0.043739965008028	21.429	1.645	928
0.00300999759200193	0.0541799566560347	36.094	1.838	1230.29
0.00538999568800345	0.0970199223840621	42.764	2.291	1800.86
0.00688999448800441	0.123839900928079	70.799	2.633	2627.81
0.00791999366400507	0.142379886096091	65.945	2.739	2995.01
0.0104499916400067	0.18791984966412	91.614	3.179	3787.66
0.0157199874240101	0.282239774208181	137.004	4.014	5535.93
0.034379972496022	0.616679506656395	288.251	6.684	12321.45
0.0532899573680341	0.954179236656611	498.174	8.679	17855.63
0.0824899340080528	1.47131882294494	742.609	12.687	29307.82
0.111329910936071	1.97333842132926	1000.944	15.201	39017.17
0.130159895872083	2.28743817004946	1096.513	16.973	43138.37
0.20311983750413	3.54167716665827	1696.112	25.151	69433.79
0.391439686848251	6.70769463384429	3005.764	47.313	116252.78
0.480909615272308	8.03843356925315	3430.314	54.362	149712.07
0.716629426696459	11.5631907494474	4708.145	80.866	285656.93
1.12155910275272	17.157226274219	6152.387	152.145	386337.11
2.04099836720131	28.9385768491385	18224.989	285.872	529303.08
2.83445773243381	35.884771292183	11319.268	387.767	609672.21
4.40997647201882	47.7005018395985	8301.213	515.457	694743.13
7.15565427547658	63.6906090475128	8590.319	693.937	739369.17
11.2520709983432	78.2086774330581	11763.417	866.304	721570.02
12.5974599220321	64.6402882877694	6499.57	720.841	724805.13
24.8549301160559	91.1089071128743	6782.528	1068.061	751235.68
29.665596267523	85.2677317858146	7930.732	1021.814	762673.8
43.5752651397879	99.4684604252317	5483.957	1206.441	792980.2
51.8424485260412	99.8509601192319	5655.037	1254.725	811546.98
59.1415026867978	99.9056800754559	5696.325	1309.917	828272.2
66.1386970890423	99.979840016128	5616.345	1320.605	843683.01
73.0685015451988	99.999820000144	5728.744	1374.161	858312.44
78.6551270758983	100.0	5761.433	1407.947	870604.67
