0.00060999951200039	0.010979991216007	5.985	0.894	236.12
0.00154999876000099	0.0278999776800179	14.757	1.012	620.58
0.00176999858400113	0.0318599745120204	25.387	1.03	762.63
0.00330999735200212	0.0595799523360381	25.497	1.186	1480.86
0.00444999644000285	0.0800999359200513	34.004	1.252	1796.96
0.00509999592000326	0.0916199267040586	51.628	1.379	1816.44
0.0104099916720067	0.18719985024012	88.161	2.025	4912.07
0.0158099873520101	0.284399772480182	123.109	2.374	5585.29
0.0207699833840133	0.372239702208238	197.369	3.126	8992.02
0.0295699763440189	0.530099575920339	270.633	4.095	11565.53
0.0470199623840301	0.839339328528537	384.056	5.693	17801.48
0.0556499554800356	0.992339206128635	481.448	6.65	22051.13
0.105529915576068	1.8707385034092	888.101	11.749	38190.39
0.144249884600092	2.53619797104162	1192.567	16.581	52305.37
0.201979838416129	3.51953718437025	1685.165	21.771	69433.79
0.321379742896206	5.50493559605152	2438.985	35.395	106212.39
0.592739525808379	9.91961206431035	4291.373	63.313	169645.74
0.595389523688381	9.64547228362217	4089.567	60.511	167372.47
1.4046388762889	21.5621827502538	8296.078	207.464	431537.38
2.09630832295334	29.764776188179	9329.509	306.985	535594.02
2.26789818568145	28.9180568655545	7733.284	278.099	544489.52
4.36370650903479	47.2314222148622	8239.478	469.279	693884.46
5.95799523360381	52.5437579649936	6675.988	535.639	732340.09
7.9666136267091	55.3024357580514	6417.466	581.592	740987.18
13.8041389566888	69.5848843320925	6781.427	757.329	727947.78
21.2595329923736	78.0151775878579	6671.842	879.557	743948.06
34.5591123527101	97.5527219578224	5497.602	2120.197	773104.73
43.3821652942678	99.2112406310075	5290.058	2092.779	792894.41
50.7052594357924	99.2409406072475	5266.374	2106.631	809085.76
56.3528949176841	99.1219607024314	5352.292	2129.029	821136.7
66.1916270466984	99.981640014688	5362.872	2144.245	842907.31
72.7624417900466	99.998380001296	5382.338	2152.53	857814.32
78.6633270693384	100.0	5328.464	2163.689	870622.23
