0.000869999304000557	0.01565998747201	8.896	0.879	395
0.00123999900800079	0.0223199821440143	10.14	0.962	513.84
0.00206999834400132	0.0372599701920238	20.017	1.121	837.49
0.00245999803200157	0.0442799645760283	22.832	1.091	912.27
0.00474999620000304	0.0854999316000547	38.446	1.343	1987.73
0.00784999372000502	0.14093988724809	68.249	1.665	3172.39
0.00939999248000602	0.168839864928108	77.712	1.78	3814.52
0.00990999207200634	0.178199857440114	116.203	1.919	4013.9
0.0222399822080142	0.397799681760255	211.51	3.161	8221.39
0.0225899819280145	0.405179675856259	182.142	3.224	8311.28
0.0442499646000283	0.791999366400507	401.498	5.566	17099.91
0.0618899504880396	1.10537911569671	529.882	7.293	24131.81
0.111809910552072	1.98143841484927	933.234	12.455	39832.68
0.154259876592099	2.72213782228974	1265.292	17.983	55392.02
0.239099808720153	4.10921671262663	1871.74	25.546	81260.96
0.276699778640177	4.81391614886708	2439.223	29.137	90967.31
0.622969501624399	10.4218116625507	4456.803	66.319	182896.54
0.681189455048436	10.990071207943	4510.419	70.671	189882.88
1.44595884323293	22.1806622554702	8068.399	208.316	440027.82
1.89503848396921	26.8350985319212	8400.259	266.387	511247.74
2.9655676275459	37.46985002412	10142.339	383.113	620753.91
3.79235696611443	41.1805470555624	7170.417	410.572	671979.8
6.93622445102044	61.3741909006473	7549.471	641.679	738505.98
9.82678213857429	66.6012067190346	6735.732	709.363	731744.58
11.7600105919915	61.4136108691113	6312.577	657.896	722708.51
25.7037594369924	95.295523763581	5690.919	2187.115	753648.62
31.1538350769319	88.7120290303768	6886.161	1012.276	765721.88
41.8205865435308	96.9985024011981	5723.847	2185.806	789634.9
51.2177390258088	99.5523403581277	5336.256	2089.204	810190.54
59.2523225981419	99.9253000597599	5184.43	2099.405	827981.23
66.5235067811946	99.991540006768	5316.409	2128.324	843958.47
72.6084719132225	99.99730000216	5263.926	2151.015	857613.18
78.6763270589384	100.0	5500.246	2205.978	870637.22
