0.000449999640000288	0.00809999352000518	2.503	1.058	212.24
0.00135999891200087	0.0244799804160157	4.462	1.261	561.3
0.00291999766400187	0.0525599579520336	19.23	1.574	1073.4
0.00295999763200189	0.0532799573760341	7.488	1.589	1332.13
0.00344999724000221	0.0620999503200397	8.177	1.723	1214.62
0.0048399961280031	0.0871199303040558	12.03	2.027	1828.13
0.00881999294400564	0.158579873136102	22.66	2.704	3607.19
0.0101099919120065	0.181979854416116	28.026	3.114	4090.51
0.020369983704013	0.366119707104234	43.576	4.65	7805.12
0.0272599781920174	0.489239608608313	62.597	5.272	9186.09
0.0447399642080286	0.798659361072511	85.54	7.859	17099.91
0.0627899497680402	1.12157910273672	128.423	9.896	24546.05
0.101469918824065	1.80323855740915	229.946	13.976	36718.52
0.166299866960106	2.89997768001786	331.503	21.472	56353.09
0.185569851544119	3.27113738309009	372.286	23.196	62131.25
0.350859719312225	6.00911519270785	640.097	42.97	113927.45
0.583029533576373	9.74339220528624	1043.021	67.73	195659.02
0.909839272128582	14.7173282261374	1524.422	136.184	333797.76
1.44554884356093	22.1781422574862	2930.879	222.622	440129.89
1.99184840652127	28.140277487778	2350.25	277.53	521611.21
2.43894804884156	30.9606952314438	2050.723	327.543	576795.53
4.93795604963516	54.2548365961307	2694.357	578.017	709399.27
6.95621443502845	61.5729107416714	2354.759	649.708	738432.6
10.5728015417588	72.2015422387662	2442.47	779.118	727109.93
16.1718270625383	81.7890545687563	2574.914	907.487	732558.62
20.1167039066369	74.6677202658238	2435.493	832.421	741485.34
33.0242435806051	93.3814052948758	2812.623	1078.693	769709.48
40.7579173936661	95.385703691437	2810.328	1128.19	786862.08
51.2863989708808	99.5845603323517	2855.042	1199.141	810305.35
58.9738928208857	99.8785000971999	2853.46	1215.661	827981.83
65.3501477198818	99.934480052416	2906.188	1246.267	840982.89
72.9873616101107	99.999820000144	2930.728	1282.251	858079.85
78.6664570668343	100.0	2958.105	1295.715	870530.41
