0.00074999940000048	0.0134999892000086	3.194	1.068	307.69
0.00133999892800086	0.0241199807040154	4.27	1.139	462.38
0.00246999802400158	0.0444599644320285	9.943	1.267	1022.34
0.00286999770400184	0.0516599586720331	6.953	1.302	1128.34
0.00473999620800303	0.0853199317440546	11.265	1.494	1987.73
0.00816999346400523	0.146519882784094	16.813	1.766	3287.96
0.0114299908560073	0.205559835552132	23.117	2.11	4545.83
0.0166099867120106	0.298799760960191	34.866	2.603	6282.73
0.0243799804960156	0.43793964964828	54.685	3.226	9163.71
0.0361599710720231	0.647819481744415	72.481	4.595	13453.36
0.050049959960032	0.88991928806457	105.336	5.98	17913.37
0.0548199561440351	0.980099215920627	106.824	6.639	21751.85
0.123249901400079	2.1893382485294	243.624	13.478	42899.43
0.169519864384108	2.98601761118591	347.858	19.19	56630.37
0.174269860584112	3.03803756956994	343.695	19.664	55971.17
0.278869776904178	4.78889616888307	464.674	30.113	94471.2
0.430029655976275	7.19891424086861	820.003	45.755	138372.17
0.583699533040374	9.47321242143006	1037.268	58.919	161533.46
1.42855885715291	21.916602466718	1974.463	209.576	436679.37
1.85475851619319	26.2248990200808	1979.31	261.403	516396.66
1.94111844710524	25.1351798918561	1754.115	253.981	504613.5
4.78916616866707	52.3920180863855	2508.446	531.597	704806.96
7.36115411107671	65.9040672767462	2515.434	703.514	740447.36
11.1177011058391	76.9565984347213	2589.876	851.549	721428.43
11.8515605187516	61.7532705973835	2256.14	686.311	722959.14
19.6900842479326	73.468021225583	2433.109	846.024	740498.16
34.0929127256698	96.2207230234216	2776.846	1412.81	772228.06
43.5405551675559	99.4349804520156	2850.412	1451.974	792758.02
51.8659785072172	99.8574401140479	2874.972	1528.306	811763.16
56.7860245711803	99.2938605649116	2952.903	1520.529	822062.45
66.3866668906665	99.987940009648	2972.511	1581.956	844264.14
72.5812219350225	99.99730000216	3010.376	1694.941	857393.46
78.6770670583464	100.0	3025.057	1615.069	870580.49
