0.000649999480000416	0.0116999906400075	2.8	0.878	212.24
0.00157999873600101	0.0284399772480182	16.07	0.994	636.38
0.00210999831200135	0.0379799696160243	5.721	1.018	943.73
0.00224999820000144	0.0404999676000259	6.769	1.021	817.8
0.00523999580800335	0.0941399246880602	11.961	1.326	2026.62
0.00525999579200337	0.0944999244000605	11.455	1.39	1960.5
0.00919999264000589	0.165239867808106	18.488	1.688	3814.52
0.00993999204800636	0.178559857152114	19.789	1.721	3841.37
0.021809982552014	0.391499686800251	42.705	3.079	8468.76
0.0300399759680192	0.537659569872344	58.395	3.642	11332.75
0.045239963808029	0.811259350992519	122.362	5.519	17099.91
0.0748899400880479	1.32893893684885	198.451	8.661	26551.71
0.0766599386720491	1.36331890934487	167.222	8.754	26643.08
0.158759872992102	2.77019778384177	343.846	18.088	56353.09
0.178759856992114	3.14531748374601	372.904	19.929	61550.19
0.369899704080237	6.34985492011606	736.38	40.147	119351.15
0.51595958723233	8.63369309304553	866.221	53.343	159898.38
0.668149465480428	10.8079113536709	1016.789	68.669	177095.94
1.43832884933692	22.0980423215661	1987.386	207.2	440079.78
2.12834829732136	30.2511357990914	2284.878	310.894	532726.13
2.14200828639337	27.4722980221616	1885.379	267.048	537941.67
3.5961171231063	39.2599485920411	2121.027	392.681	658024.84
7.22384422092462	64.4203284637372	2491.171	658.109	740081.99
10.2060418351665	69.3228045417564	2361.431	735.107	729519.35
16.9527564377949	87.1598902720878	2738.894	939.266	733826.39
24.3342105326316	88.8319089344728	2681.6	1004.571	750020.57
34.1039627168298	96.2495230003816	2771.676	1402.348	772250.62
42.5177459858032	98.0324215740627	2818.04	1399.597	791079.24
51.4881888094489	99.6873402501278	2851.448	1426.834	810794.94
59.5390423687661	99.964540028368	2866.918	1536.396	828948.58
66.0194071844742	99.971740022608	2909.431	1598.384	843312.61
73.0638315489348	99.999820000144	2918.258	1579.519	858336.5
78.6671270662983	100.0	2950.717	1537.497	870532.14
