0.00049999960000032	0.00899999280000576	3.71	0.88	267.94
0.00172999861600111	0.0311399750880199	5.088	0.979	746.86
0.00239999808000154	0.0431999654400276	6.847	1.087	1112.65
0.00340999727200218	0.0613799508960393	8.133	1.124	1426.03
0.0049999960000032	0.0899999280000576	14.552	1.318	1835.92
0.00512999589600328	0.0923399261280591	12.1	1.389	2248.05
0.0120899903280077	0.217439826048139	24.997	2.043	4545.83
0.0136499890800087	0.245339803728157	34.062	2.185	5562.51
0.0222199822240142	0.398519681184255	49.933	3.136	8992.02
0.0326899738480209	0.585539531568375	62.112	3.896	12586.73
0.0463099629520296	0.82781933774453	117.813	5.414	17801.48
0.0701499438800449	1.2504589996328	169.168	8.076	26073.5
0.103259917392066	1.83239853408117	205.806	11.645	38190.39
0.142479886016091	2.50973799220961	285.325	16.357	51461.57
0.18825984939212	3.2806773754581	6338.71	20.87	68200.69
0.363779708976233	6.22295502163598	668.305	39.504	118118.82
0.585879531296375	9.49373240501408	877.466	59.13	161533.46
0.60897951281639	10.1845718523425	1096.285	66.655	174826.97
1.35340891727287	19.3494445204444	1534.024	189.65	414099.5
1.4054688756249	21.5749627400298	2034.628	205.226	430217.48
2.22791821766543	28.4887572089942	1909.285	279.766	543339.85
4.82854613716309	52.9138376689299	2628.778	534.599	704424.79
5.45244563804349	48.489261208591	1891.811	511.228	721743.58
8.67355306115755	59.2955525635579	2015.128	635.937	738450.33
16.1848270521384	81.8714945028044	2589.782	879.687	732545.34
19.8963740829007	74.0386207691034	2417.933	817.481	740974.99
34.6047723161821	97.6992418406065	2716.18	1422.058	773224.42
43.5551851558519	99.4497404402076	2782.915	1409.489	792806.47
50.7316394146885	99.2548005961595	2795.983	1450.381	809142
57.3054841556127	99.4749404200477	2841.424	1485.324	823603.89
66.6499166800667	99.995140003888	2883.18	1516.118	844844.85
72.6982418414065	99.997660001872	2940.165	1525.857	857812.49
78.6783970572824	100.0	2951.031	1587.903	870581.66
