0.000459999632000294	0.0082799933760053	3.733	0.969	212.24
0.00162999869600104	0.0293399765280188	4.829	1.263	687.7
0.0023399981280015	0.042119966304027	6.728	1.427	880.79
0.00253999796800163	0.0455399635680291	6.322	1.472	947.67
0.00470999623200301	0.0845999323200541	10.483	1.826	1722.9
0.0071899942480046	0.129239896608083	15.001	2.302	2964.14
0.010949991240007	0.196919842464126	21.939	3.017	3852.88
0.0120499903600077	0.216359826912138	23.938	3.27	4232.18
0.0186499850800119	0.334619732304214	36.495	4.165	7508.37
0.0302599757920194	0.541619566704347	64.198	5.443	12034.08
0.0399699680240256	0.715319427744458	84.464	7.414	15320.95
0.0824699340240528	1.47257882193694	210.113	12.388	29307.82
0.101769918584065	1.80359855712115	242.958	14.319	38149.52
0.181529854776116	3.19787744169805	342.134	23.149	64751.13
0.215639827488138	3.7517369986104	402.481	26.03	74934.74
0.241749806600155	4.15763667389066	480.371	28.387	81260.96
0.588229529416377	9.8384321292543	1007.142	68.457	164477.4
0.945199243840605	15.3017877585698	1498.602	138.848	332705.05
1.35902891277687	20.7968233625413	1949.097	206.697	442243.13
1.95404843676125	27.6155779075377	2157.469	284.296	529691.62
2.08568833144933	26.8212385430092	1792.61	272.012	532556.42
3.85116691906646	41.7988465609228	2142.913	440.76	674308.28
5.13760588991529	46.1627630697895	1910.788	484.096	714400.1
8.55252315798147	58.6075931139255	2136.622	621.998	739173.11
14.3407285274172	71.9895024083981	4963.732	801.45	728940.96
25.1785298571761	92.6923658461073	2739.722	1045.615	751943.88
34.8394721284223	98.3474213220629	2756.849	1125.033	773740.86
40.8419773264181	95.5196235843011	2809.534	1131.708	787088.64
49.1477706817835	98.0900215279828	2838.693	1191.204	805847.98
56.251384998892	99.0803807356954	2853.055	1201.991	821040.82
65.8034373572501	99.96220003024	2898.716	1254.106	842620.57
72.8129617496306	99.99820000144	2917.584	1269.547	858055.78
78.6796770562584	100.0	2927.566	1287.414	870581.96
