0.000689999448000442	0.0124199900640079	3.022	0.87	236.12
0.00169999864000109	0.0305999755200196	4.706	0.977	608.73
0.00172999861600111	0.0311399750880199	5.356	0.999	620.58
0.00277999777600178	0.0498599601120319	6.694	1.109	1214.62
0.00307999753600197	0.0554399556480355	7.214	1.116	1332.13
0.00611999510400392	0.11015991187207	13.18	1.404	2469.08
0.0117799905760075	0.211499830800135	25.434	1.893	4545.83
0.014109988712009	0.253799796960162	31.487	2.071	5566.31
0.0235299811760151	0.42227966217627	58.629	2.997	10376.9
0.0372399702080238	0.667619465904427	72.958	4.786	14744.71
0.0508099593520325	0.909719272224582	95.179	6.034	18205.54
0.0633399493280405	1.12931909654472	153.421	7.12	24131.81
0.106069915144068	1.88315849347321	223.348	11.903	38190.39
0.175109859912112	3.08681753054598	353.146	19.493	56653.19
0.243419805264156	4.17833665733067	442.116	25.419	81260.96
0.253349797320162	4.41971646422683	463.606	27.057	81533.27
0.40652967477626	6.80435455651635	713.695	43.716	123060.67
0.927999257600594	14.9786880170496	1399.247	129.101	345553.8
0.955049235960611	14.6735882611294	1251.369	128.029	354643.9
1.81485854811316	25.7014594388324	1935.039	256.871	504333.81
2.93838764928988	37.1336102931118	2475.88	385.303	617722.02
3.2771073783141	36.1511710790631	1861.05	372.174	633137.62
6.85966451226839	60.6023515181188	2279.192	630.957	738890.68
10.0321119743104	68.0721655422676	2374.109	717.415	730018.69
15.7902173678261	79.5385163691869	2546.836	879.954	731559.31
24.1889006488795	88.2436694050645	2729.902	1015.54	749994.3
34.8304621356303	98.3501213199029	2725.024	1400.919	773468.45
38.0213995828803	91.0081071935142	2792.437	1087.408	780570
51.8314385348492	99.8452001238399	2852.293	1507.396	811336.15
59.5748323401341	99.970480023616	2848.526	1570.324	829093.56
66.6328266937387	99.994780004176	2891.932	1550.925	844836.64
73.0371615702707	99.999460000432	2918.11	1555.306	858362.03
78.6840170527864	100.0	2924.37	1537.436	870621.7
