0.000409999672000262	0.00737999409600472	2.624	1.078	212.24
0.00099999920000064	0.0179999856000115	3.739	1.146	446.53
0.0020299983760013	0.0365399707680234	5.594	1.214	762.63
0.00282999773600181	0.0509399592480326	8.185	1.337	1128.34
0.00438999648800281	0.0790199367840506	13.386	1.434	1722.9
0.00669999464000429	0.120059903952077	15.146	1.646	2627.81
0.00674999460000432	0.121499902800078	14.189	1.596	3426.51
0.012549989960008	0.225719819424144	30.407	2.142	4778.64
0.0184799852160118	0.331919734464212	42.691	2.804	6981.18
0.0226599818720145	0.40625967499226	47.881	3.024	8221.39
0.0461699630640295	0.827279338176529	93.356	5.551	17783.43
0.0728599417120466	1.29851896118483	171.37	9.01	27135.01
0.10890991287207	1.93643845084924	209.059	12.545	42056.29
0.147169882264094	2.58785792971366	288.769	17.082	52305.37
0.168479865216108	2.94029764776188	301.264	19.316	56095.25
0.336109731112215	5.76701538638769	684.903	37.646	109892.53
0.463259629392296	7.74863380109296	813.635	49.599	140684.31
0.881899294480564	14.2147686281851	1366.799	128.228	309365.71
1.22363902108878	18.678585057132	1510.697	182.835	412104.82
1.88935848851321	26.7567985945611	2021.162	264.529	512783.86
3.04053756756995	38.5705491435607	2439.871	392.282	620683.08
4.88943608845113	53.6908970472824	2682.281	616.357	708323.42
5.86370530903575	51.7560785951371	1993.901	536.189	730921.96
9.18646265082988	62.3636501090799	2124.694	668.551	735066.61
16.8175565459548	86.1720510623591	2684.7	954.35	733302.46
22.1575822739342	80.8845552923558	2572.413	919.764	746102.67
33.6692730645815	95.0865439307649	2842.113	1515.827	770889.61
43.5177751857799	99.3880004895996	3185.98	1545.8	793255.45
50.5309295752563	99.1230407015674	2878.814	1553.111	808755.13
58.8015129587896	99.8534801172159	3089.893	1612.791	826528.83
66.4972868021706	99.9910000072	2942.498	1682.68	843844.73
72.5301919758464	99.99730000216	3027.195	1670.719	857282.33
78.6771570582743	100.0	3165.659	1733.864	870636.99
