0.00060999951200039	0.010979991216007	2.91	1.224	236.12
0.00112999909600072	0.020339983728013	4.831	1.333	513.84
0.00160999871200103	0.0289799768160185	4.939	1.45	762.63
0.00306999754400196	0.0552599557920354	36.71	1.85	1198.94
0.00335999731200215	0.0604799516160387	11.838	1.832	1214.62
0.007819993744005	0.14057988753609	16.681	2.624	3153.12
0.010949991240007	0.196919842464126	24.174	3.194	3929.58
0.0114799908160073	0.206459834832132	27.566	3.595	4687.08
0.0233399813280149	0.418859664912268	52.802	5.506	10376.9
0.034349972520022	0.615239507808394	69.982	6.11	12321.45
0.0389399688480249	0.696599442720446	81.955	6.894	13603.62
0.073509941192047	1.31057895153684	146.327	11.703	28752.51
0.0776399378880497	1.37627889897688	196.508	11.357	28396.13
0.142919885664091	2.51189799048161	296.369	19.289	52305.37
0.270589783528173	4.71761622590702	546.554	32.623	88029.6
0.42178966256827	7.22753421797263	873.753	50.468	126786.92
0.526599578720337	8.80973295221364	931.352	60.886	160014.2
0.717269426184459	11.5732707413834	1094.985	80.457	285656.93
1.15298907760874	17.6084859132113	1660.288	156.705	394098.57
1.49437880449696	21.2336830130536	1617.413	212.194	436604.89
2.31038815168948	29.4427564457948	1985.679	295.294	551354.78
4.67311626150699	50.9784792172166	3039.801	543.806	701097.92
6.29936496050803	55.4860356111715	2192.769	682.02	736245.76
10.873171301463	74.8011001591199	2550.78	815.733	724688.13
12.5783799372961	64.5618083505533	2538.297	719.623	724765.89
21.9982524013981	80.3962156830274	2640.065	946.791	745828.67
30.1586858730513	86.3934508852393	2760.292	1036.153	763658.37
40.2020378383697	94.5186443850845	2917.501	1159.545	785503.28
51.7752285798171	99.8205401435679	2895.703	1274.132	811287.21
57.3336741330607	99.4848404121277	2939.359	1278.473	823056.94
65.1591378726897	99.922780061776	2945.236	1362.15	840620.5
73.0053015957587	99.999280000576	3023.608	1368.466	858360.6
78.6882370494104	100.0	3063.438	1388.197	870596.58
