0.000709999432000454	0.0127799897760082	3.439	1.113	267.94
0.00112999909600072	0.020339983728013	29.663	1.254	462.38
0.00189999848000122	0.0341999726400219	5.165	1.374	664.02
0.0034399972480022	0.0619199504640396	8.128	1.743	1480.86
0.00411999670400264	0.0741599406720475	9.543	1.817	1687.8
0.00566999546400363	0.102059918352065	12.017	2.125	2469.08
0.0110199911840071	0.197819841744127	22.631	3.379	4545.83
0.0145799883360093	0.261899790480168	29.697	3.624	5801.78
0.0201799838560129	0.362519709984232	42.3	4.961	7805.12
0.034329972536022	0.615419507664394	86.789	6.843	14737.41
0.0388699689040249	0.696059443152446	86.587	6.787	13603.62
0.0665799467360426	1.18475905219276	127.22	9.466	25051.1
0.106059915152068	1.8786584970732	197.731	14.181	39720.72
0.157699873840101	2.77559777952178	331.342	21.577	55447.6
0.201949838440129	3.52385718091426	430.527	24.733	69262.48
0.379299696560243	6.37451490038808	685.659	44.66	115094.3
0.381389694888244	6.53921476862819	700.933	46.345	116209.42
0.771729382616494	12.445370043704	1246.761	120.593	301342.19
0.830379335696531	12.8393897284882	1157.286	121.127	308174.47
1.79885856091315	25.4822196142243	2160.796	259.964	501997.33
2.17654825876139	27.8916976866419	1753.861	280.034	539242.07
3.46677722657822	37.9592696325843	1975.036	388.566	646819.02
5.61674550660359	49.7872401702079	1980.241	527.966	726614.07
10.3590117127906	70.5075635939491	2393.169	746.892	728411.47
17.0613263509389	88.0132695893843	13748.444	952.037	734124
23.2665113867909	84.6812922549662	2714.496	955.721	748538.01
28.3498973200821	82.4226540618768	2700.147	930.09	759464.48
40.7076774338581	95.307583753933	2865.65	1121.65	786720.9
51.8085485531612	99.8354801316159	2829.753	1197.621	811167.65
59.2479026016779	99.92440006048	2912.199	1225.723	828409.64
66.5394767684186	99.99190000648	2898.786	1255.837	844035.62
72.8623417101266	99.998920000864	2947.052	1258.8	858014.5
78.6874470500424	100.0	2961.531	1304.25	870596.25
