0.000709999432000454	0.0127799897760082	2.943	0.92	295.77
0.00172999861600111	0.0311399750880199	6.73	1.042	679.81
0.00240999807200154	0.0433799652960278	6.127	1.139	908.34
0.00263999788800169	0.0475199619840304	7.023	1.124	1010.56
0.00527999577600338	0.0950399239680608	11.558	1.389	1800.86
0.00667999465600428	0.119879904096077	14.754	1.53	2674.23
0.010879991296007	0.195659843472125	23.303	1.792	4912.07
0.014009988792009	0.252179798256161	30.507	2.108	5562.51
0.0223599821120143	0.401219679024257	44.527	3.025	8494.95
0.0251299798960161	0.449639640288288	49.647	3.17	10157.86
0.0379399696480243	0.678779456976434	86.72	4.697	13603.62
0.0800399359680512	1.42757885793691	151.373	9.333	31758.19
0.127179898256081	2.25665819467344	271.917	14.107	44834.65
0.130299895760083	2.29841816126547	241.881	14.07	42842.2
0.201179839056129	3.50747719401824	385.45	22.636	69433.79
0.331019735184212	5.66765546587563	622.851	37.296	108733.48
0.589349528520377	9.8503121197503	1047.485	63.481	166401.28
0.651739478608417	10.5395315683747	1075.751	68.005	184320.74
1.33685893051286	19.1293046965562	1602.627	187.256	410447.51
1.36391890886487	20.9215632627494	1760.111	199.226	424381.83
2.71444782844174	34.353152517478	2218.556	335.182	603809.01
4.79728616217107	52.5068579945136	2586.694	534.332	704645.5
6.75763459389233	59.5367523705981	2236.441	631.475	738012.48
10.5462615629908	71.9880624095501	2443.33	776.191	727028.25
12.0892203286237	62.6615498707601	2129.718	676.991	723595.04
25.1620098703921	92.6162259070193	2719.482	1027.597	751923.63
34.8129421496463	98.3008013593589	2743.669	1428.514	773385.17
41.7181766254587	96.841902526478	2803.042	1459.899	789413.17
48.9286808570553	97.9071416742867	2802.259	1477.866	805320.93
57.2047342362126	99.4396604482716	2853.312	1540.156	823355.61
65.9368772504982	99.968140025488	2881.658	1581.941	843021.36
72.6068219145425	99.99730000216	2940.295	1618.553	857611.35
78.6845570523544	100.0	2972.091	1629.838	870621.34
