0.000479999616000307	0.00863999308800553	2.592	1.059	212.24
0.00132999893600085	0.0239399808480153	4.644	1.127	561.3
0.00263999788800169	0.0475199619840304	6.926	1.332	1159.72
0.00299999760000192	0.0539999568000346	8.111	1.364	1202.86
0.00486999610400312	0.0876599298720561	11.966	1.544	1835.92
0.00759999392000486	0.136799890560088	16.142	1.705	2681.97
0.0108099913520069	0.193859844912124	22.285	1.953	3852.88
0.0152299878160097	0.273779780976175	29.997	2.44	6161.66
0.0186499850800119	0.335159731872214	36.899	2.88	7508.37
0.0240499807600154	0.431459654832276	46.85	3.133	8876.26
0.0544899564080349	0.974879220096624	111.797	6.296	21751.85
0.0831699334640532	1.48517881185695	182.041	10.112	29356.62
0.12440990047208	2.20517823585741	274.33	13.816	42848.93
0.168349865320108	2.9631576294739	328.132	19.675	57787.25
0.223849820920143	3.89141688686649	407.625	25.831	76942.25
0.426549658760273	7.32113414309269	735.236	47.038	131738.96
0.532389574088341	8.9130528695577	942.522	56.436	160043.48
0.909939272048582	14.6995082403934	1562.243	130.956	327617.83
1.19550904359277	18.2739453808437	1709.919	181.312	400287.55
1.78595857123314	25.3304797356162	1943.647	255.025	500592.39
2.69293784564972	34.1321126943098	2340.165	341.242	600646.21
3.45151723878621	37.8246297402962	1929.71	389.752	646040.76
6.79969456024435	59.9775720179424	2261.233	638.689	738521.29
10.3876316898946	70.7066434346852	2456.128	761.147	728168.04
12.7826697738642	65.3349077320738	2153.361	729.523	725345.51
25.6905594475524	95.2204638236289	2714.961	1398.613	753599.76
34.7729021816783	98.1832614533908	2796.439	1531.841	773468.55
42.0142263886189	97.2875821699343	2835.594	1501.72	790057.19
49.0295607763514	97.9930016055987	2852.508	1558.633	805563.68
56.299294960564	99.1003607197114	2902.188	1604.499	821147.3
65.8478173217461	99.963820028944	2975.568	1633.829	842731.12
72.9230816615347	99.999280000576	2982.705	1696.892	858040.25
78.6885070491944	100.0	3097.67	1728.903	870597.37
