0.000829999336000531	0.0149399880480096	3.174	1.086	343.43
0.001569998744001	0.0282599773920181	4.811	1.241	585.02
0.00180999855200116	0.0325799739360208	40.489	1.363	837.49
0.0029699976240019	0.0534599572320342	7.276	1.549	1230.29
0.00445999643200285	0.0800999359200513	12.377	1.873	1793.07
0.00547999561600351	0.0986399210880631	22.867	2.165	2469.08
0.00991999206400635	0.178019857584114	26.043	2.856	3787.66
0.0110799911360071	0.199259840592128	23.046	3.365	4912.07
0.0230399815680147	0.413279669376264	52.938	4.72	8150.2
0.0259299792560166	0.465839627328298	51.35	4.986	9186.09
0.0357499714000229	0.639539488368409	97.414	6.22	13145.22
0.0498199601440319	0.885419291664567	97.497	8.446	17913.37
0.120599903520077	2.13983828812937	232.803	16.02	38302.78
0.167199866240107	2.93957764833788	314.637	20.977	57787.25
0.262309790152168	4.56875634499492	515.223	33.793	87568.34
0.403829676936258	6.91631446694843	717.645	47.584	127807.04
0.445129643896285	7.45703403437277	764.576	50.685	126835.1
0.889499288400569	14.3377085298332	1396.283	132.558	319410.54
1.08098913520869	16.5347867721706	1472.96	147.29	380316.89
2.06888834488932	29.3475365219708	2370.852	293.227	523130.9
2.26695818643345	28.9099568720345	1996.531	288.312	544464.28
4.26828658537073	46.2079430336456	2346.06	474.473	694258.6
4.67203626237099	42.6513258789393	1755.716	456.848	696858.77
9.78785216971826	66.3321069343145	2307.011	724.492	731951.12
14.9158380673295	74.7827401738079	2480.778	831.649	729982.89
21.929052456758	80.1733758612993	2612.75	903.894	745700.95
31.8200245439804	90.2841477726818	2748.63	1063.823	767114.61
43.5016251986998	99.3914204868636	2765.349	1179.967	792586.5
51.567098746321	99.7240602207518	2858.524	1200.869	811068.56
57.5445139643888	99.5467603625917	2855.562	1235.022	823409.47
65.8232273414181	99.962920029664	2890.555	1242.923	842660.17
72.9773216181427	99.999820000144	2952.26	1271.695	858076.69
78.6816470546824	100.0	2954.449	1296.95	870586.9
