0.000809999352000518	0.0145799883360093	3.564	1.246	307.69
0.00114999908000074	0.0206999834400132	4.314	1.313	418.79
0.00239999808000154	0.0431999654400276	8.851	1.639	928
0.00326999738400209	0.0588599529120377	8.063	1.823	1480.86
0.00504999596000323	0.0907199274240581	11.174	2.223	2205.35
0.0070299943760045	0.126359898912081	14.708	2.574	2736.1
0.010999991200007	0.197639841888126	22.952	3.25	4297.39
0.0120499903600077	0.216359826912138	25.625	3.553	4778.64
0.021919982464014	0.393479685216252	57.314	4.931	8992.02
0.0271799782560174	0.486359610912311	52.208	5.913	10354.64
0.0321599742720206	0.574739540208368	64.015	5.879	12269.9
0.0616999506400395	1.0988991208807	121.954	9.652	22474.62
0.108219913424069	1.91897846481723	202.618	14.437	39720.72
0.143509885192092	2.53187797449762	264.781	20.059	51461.57
0.20241983806413	3.52331718134625	423.628	26.186	62102.24
0.381149695080244	6.52841477726818	752.351	46.021	116209.42
0.64062948749641	10.7359114112709	1230.243	75.437	183219.27
0.849729320216544	13.7041090367128	1349.754	133.12	311656.68
1.15183907852874	17.5960659231473	1607.903	157.933	393807.32
2.15040827967338	30.6017755185796	2481.146	323.335	537674.42
3.126047499162	39.7848281721375	2664.623	410.353	621246.39
3.99597680321856	43.2980653615477	2205.95	458.894	681532.15
6.14597508321993	54.1207367034106	2173.876	589.778	733801.22
10.1983118413505	69.2664645868283	2403.807	760.711	729532.2
17.0143363885309	87.6829698536241	2725.056	986.29	734017.48
24.7468102025518	90.628307497354	2792.972	1051.72	751165.14
34.7744321804543	98.1863214509428	2776.587	1177.193	773466.26
40.2815277747778	94.6419442864446	2925.289	1159.228	785664.35
51.8451585238732	99.8475401219679	2898.579	1261.491	811676.12
57.8998136801491	99.6437802849758	2932.944	1346.168	824264.07
65.2716177827058	99.931960054432	2999.149	1339.954	841439.78
72.7511317990946	99.997840001728	2995.417	1359.039	857950.46
78.6732770613784	100.0	3014.863	1385.313	870566.04
