0.00099999920000064	0.0179999856000115	3.524	1.071	347.4
0.00122999901600079	0.0221399822880142	25.397	1.174	414.83
0.00176999858400113	0.0318599745120204	4.943	1.254	687.7
0.00330999735200212	0.0595799523360381	32.279	1.697	1355.61
0.00443999644800284	0.0799199360640512	10.383	1.842	1793.07
0.0056299954960036	0.101339918928065	11.893	2.117	2469.08
0.00909999272000582	0.163799868960105	26.967	2.968	3684.01
0.0121399902880078	0.21815982547214	37.55	3.254	4232.18
0.0179099856720115	0.321839742528206	36.942	4.631	6981.18
0.0301699758640193	0.539819568144346	57.74	6.045	12034.08
0.0388999688800249	0.695519443584445	78.39	6.634	15025.52
0.0743899404880476	1.32677893857685	175.955	10.715	26643.08
0.10987991209607	1.95335843731325	260.915	14.455	41593.27
0.166679866656107	2.91023767180986	335.857	22.222	55971.17
0.169559864352109	2.98475761219391	392.114	22.053	56630.37
0.257139794288165	4.42241646206683	474.301	29.871	80728.28
0.557439554048357	9.33065253547797	967.725	62.938	166034.14
0.591119527104378	9.58661233071014	980.408	65.691	164328.19
1.36882890493688	20.9784432172454	1959.605	205.023	417575.82
1.83614853108118	25.9532792373766	2126.248	263.529	513689.61
3.19305744555404	40.7274874180101	2693.571	417.905	627962.65
3.20475743619405	35.4468316425347	1865.175	356.924	627127.54
5.6244355004516	49.8385401291679	1907.987	530.8	726749.8
10.2882417694066	69.9663040269568	2593.183	751.322	729017.37
15.7512273990181	79.3124365500508	2623.066	875.889	731490.11
22.0294023764781	80.4948556041155	2583.932	888.013	745882.86
33.6849030520776	95.1252438998049	2777.412	1090.484	770921.89
38.5524491580407	91.8737265010188	2796.568	1076.729	781800.01
51.8672185062252	99.8588801128959	2812.083	1189.702	811691.26
57.9869136104691	99.6675402659678	2863.72	1223.436	825189.94
66.4350368519705	99.989740008208	2889.412	1251.296	844416.51
72.4902720077824	99.996580002736	2941.937	1249.85	857378.01
78.6861770510584	100.0	2959.663	1281.309	870619.52
