0.000919999264000589	0.0165599867520106	6.31	0.921	410.4
0.00228999816800147	0.0410399671680263	13.878	1.052	816.36
0.00288999768800185	0.0520199583840333	23.359	1.08	1113.8
0.00404999676000259	0.071819942544046	23.826	1.168	1728.75
0.00588999528800377	0.104939916048067	32.972	1.32	2556.75
0.00880999295200564	0.153539877168098	48.533	1.571	1085.66
0.00962999229600616	0.169919864064109	59.745	1.646	3646
0.018739985008012	0.316619746704203	103.543	2.336	6724.88
0.0276499778800177	0.467459626032299	164.14	3.013	10209.74
0.0420899663280269	0.683099453520437	216.776	4.128	16556.51
0.06248995000804	0.975239219808624	412.668	5.666	26155.24
0.095259923792061	1.38275889379288	487.542	8.004	38929.72
0.14031988774409	1.85993851204919	632.771	10.648	55020.96
0.208279833376133	2.40299807760154	800.632	14.757	69951.01
0.316029747176202	3.02291758166593	989.263	21.499	112508.94
0.476389618888305	3.61133711093031	1046.841	28.078	168617.54
0.716139427088458	4.13945668843465	1026.617	39.047	249153.46
1.06698914640868	4.63733629013097	1128.087	52.712	354152.89
1.59903872076902	5.22755581795535	2259.335	76.742	571151.49
2.39446808442553	6.03647517081986	1438.294	108.105	806138.32
3.6008271193383	7.23833420933263	1514.389	159.586	1058499.34
5.39196568642745	9.01979278416577	1652.807	235.711	1467185.64
8.09755352195718	11.7365306107755	1981.116	344.031	1920170.3
12.1401802878558	15.7719473824421	2522.12	506.92	2156170.39
18.2090454327637	21.85036251971	3867.212	763.98	2410604.41
27.3082081534335	30.9318952544838	4384.025	1122.708	2813504.96
37.3064801548159	40.9476272418982	5587.011	1562.161	3230674.17
47.3111921510463	50.9367192506246	6745.578	1971.132	3673424.1
57.3130141495887	60.961091231127	7973.859	2394.936	4114358.61
67.3096661522671	70.8961832830534	9153.99	2891.472	4540026.6
77.1494582804334	79.7843961724831	10416.385	3252.555	4979606.85
87.2395202083838	90.1613878708897	11339.59	3875	5407882.99
96.9651124279101	99.2281606174715	12507.679	7802.305	5822389.55
