0.0010899991280007	0.0196199843040126	7.917	1.103	426.48
0.00189999848000122	0.0341999726400219	14.083	1.311	788.22
0.003129997496002	0.0559799552160358	31.706	1.567	1322.81
0.0042199966240027	0.075059939952048	67.694	1.804	1692.57
0.0060899951280039	0.107459914032069	64.912	2.119	2383.92
0.00973999220800623	0.17243986204811	65.229	2.72	3191.8
0.0122799901760079	0.213119829504136	88.805	3.097	5595.42
0.0185899851280119	0.318599745120204	137.965	3.943	7078.58
0.028089977528018	0.476099619120305	160.044	5.282	12332.01
0.0411399670880263	0.675899459280433	224.663	6.006	14828.12
0.048409961272031	0.740519407584474	253.056	7.032	5229.65
0.0949599240320608	1.37483890012888	496.607	10.242	37144.97
0.14110988711209	1.85417851665719	665.881	13.373	56516.37
0.211069831144135	2.43665805067356	808.455	17.827	82610.2
0.314339748528201	3.01517758785793	980.527	23.96	129282.42
0.477699617840306	3.60827711337831	964.86	31.726	180238.28
0.714489428408457	4.14575668339465	1017.34	42.332	256087.09
1.06351914918468	4.62725629819496	1173.282	57.236	387669.53
1.59768872184902	5.22881581694735	1283.926	81.755	581449.11
2.40156807874554	6.04439516448387	1328.049	115.838	813354.42
3.5973771220983	7.22627421898062	1582.968	173.255	1106322.4
5.39857568113946	9.04427276458179	1683.986	249.242	1500954.89
8.09190352647718	11.7295106163915	2857.871	362.876	1888339.61
12.1399202880638	15.7867073706341	2557.445	532.146	2162979.62
18.2086954330437	21.833622533102	3261.406	810.095	2417296.41
27.3120281503775	30.9644752284198	4401.368	1182.243	2801961.95
37.3147701481839	40.9683272253382	5778.276	1629.963	3230238.04
47.3063021549583	50.9361792510566	6846.732	2062.071	3679080.44
57.3110541511567	60.934991252007	8012.098	2500.184	4112278.93
67.3158261473391	70.9599032320774	9769.251	2934.829	4529351.73
77.3079281536575	80.9416152467078	11036.279	3370.815	4979384.51
87.3131701494639	90.9181072655142	11861.147	3757.071	5407484.7
97.0342823725741	99.3799004960796	12725.663	4190.323	5821659.95
