0.000989999208000634	0.0178199857440114	6.962	1.128	394.32
0.00201999838400129	0.0361799710560232	12.978	1.354	735.97
0.0029699976240019	0.053099957520034	18.104	1.456	1186.15
0.00392999685600252	0.0700199439840448	24.102	1.692	1463.49
0.00606999514400389	0.107639913888069	37.917	2.258	2331.66
0.00931999254400596	0.162899869680104	49.842	2.63	3039.06
0.0127699897840082	0.223559821152143	134.202	3.199	5430.62
0.018799984960012	0.325439739648208	105.152	3.818	7359.95
0.0282099774320181	0.477539617968306	183.709	5.029	10836.77
0.0410999671200263	0.670319463744429	261.86	6.54	16484.16
0.0631099495120404	0.978659217072626	343.056	7.923	24680.03
0.0935399251680599	1.36457890833687	539.783	10.682	33627.73
0.138309889352089	1.83923852860918	624.985	13.625	55165.68
0.212939829648136	2.43089805528156	808.085	20.099	82051.4
0.315599747520202	3.01265758987393	977.718	23.285	134501.14
0.473419621264303	3.5963971228823	995.346	33.098	198779.9
0.708369433304453	4.11659670672263	1149.14	42.222	276655.4
1.06304914956068	4.63535629171497	1155.028	59.278	405638.13
1.60258871792903	5.21603582717134	1199.755	80.32	549715.91
2.40106807914554	6.01541518766785	1318.603	118.115	780470.64
3.5964871228103	7.24949420040464	1496.067	174.798	1128686.8
5.39692568245945	9.03437277250178	1751.667	245.92	1472328.71
8.09109352712518	11.7201506238795	2091.843	363.337	1922545.22
12.1367302906158	15.7908473673221	2568.737	541.446	2147918.72
18.2106054315157	21.842802525758	3405.573	792.798	2406847.65
27.3099381520495	30.9466552426758	4402.955	1211.299	2806402.23
37.3102701517839	40.9469072424742	5715.792	1632.385	3237131.29
47.3108521513183	50.9467992425606	7146.649	2051.342	3678292.03
57.3075641539487	60.963071229543	8466.268	2489.675	4100132.09
67.3158861472911	70.9415432467654	9872.223	2958.494	4537355.77
77.2721481822815	80.4930556055555	10975.234	3349.297	4982219.08
87.1240803007358	89.6649482680414	11568.509	3789.199	5392180.51
97.0780723375421	99.4798004161597	12569.201	4229.175	5826217.72
