0.000809999352000518	0.0145799883360093	5.451	0.888	92.86
0.00207999833600133	0.0370799703360237	16.215	0.997	735.97
0.00272999781600175	0.048419961264031	22.474	1.155	1121.84
0.0040599967520026	0.071819942544046	26.644	1.19	1680.52
0.00601999518400385	0.107099914320069	70.154	1.381	2383.92
0.00892999285600572	0.1567798745761	47.703	1.565	3646
0.0128899896880083	0.225539819568144	75.393	1.939	4606.64
0.0194899844080125	0.334259732592214	111.244	2.433	8171.87
0.0282899773680181	0.479339616528307	159.153	3.131	10073.08
0.0414399668480265	0.678419457264434	228.993	4.213	14828.12
0.063999948800041	0.990719207424634	481.322	5.988	26167.3
0.0929299256560595	1.34873892100886	485.167	7.797	36722.89
0.137519889984088	1.78199857440114	538.294	10.529	51965.88
0.212069830344136	2.43251805398556	937.326	15.821	87156.99
0.317679745856203	3.03659757072194	845.744	20.874	128241.09
0.470959623232301	3.5965771227383	966.221	28.028	179241.06
0.693609445112444	3.83939692848246	1074.832	36.478	256151.44
1.06741914606468	4.62257630193896	1089.651	53.353	348243.25
1.59923872060902	5.22845581723535	1260.124	75.261	554977.02
2.38633809092953	5.89481528414777	1469.525	107.905	783020.78
3.5991671206663	7.24175420659664	1501.642	162.817	1060975.93
5.39675568259545	9.04283276573379	1666.969	232.14	1445879.25
8.09312352550118	11.7325706139435	2025.335	344.448	1893363.88
12.1369002904798	15.7753673797061	2445.572	514.324	2148652.49
18.2075654339477	21.844602524318	3205.103	762.113	2418369.7
27.3017981585615	30.9542152366278	4264.319	1138.299	2800783.75
37.3096501522799	40.9492472406022	5408.983	1568.896	3228191.9
47.3132821493743	50.9597592321926	6675.25	1987.968	3672057.22
57.3042141566287	60.945251243799	7741.024	2421.671	4100308.13
67.2863861708911	70.5851435318852	9064.061	2833.173	4539913.61
77.3070681543455	80.9700552239558	10501.543	3247.152	4981174.96
87.3074801540159	90.9514072388742	11773.853	3851.386	5421216.38
97.1739922608062	99.7336002131198	12549.854	7908.853	5839668.63
