0.00111999910400072	0.0201599838720129	3.844	1.121	450.59
0.00208999832800134	0.037439970048024	5.503	1.159	679.7
0.00287999769600184	0.0516599586720331	8.834	1.227	1222.32
0.0040599967520026	0.0725399419680464	9.108	1.371	1696.59
0.00594999524000381	0.105839915328068	12.885	1.408	2436.17
0.00927999257600594	0.163439869248105	17.935	1.6	3521.39
0.0130999895200084	0.227159818272145	30.787	1.973	4606.64
0.0195999843200125	0.341099727120218	38.16	2.371	7508.66
0.0278199777440178	0.467819625744299	50.42	2.911	10885
0.0428399657280274	0.696779442576446	74.558	4.366	17806.57
0.0626999498400401	0.977219218224625	109.504	5.713	26167.3
0.0934299252560598	1.36169891064087	144.556	7.792	31437.03
0.139539888368089	1.85057851953718	207.074	10.47	54852.12
0.211219831024135	2.43557805153756	238.209	15.088	77786.09
0.291669766664187	2.09897832081734	166.056	15.15	39002.09
0.318939744848204	3.04991756006595	290.939	19.935	119247.18
0.707859433712453	4.12055670355464	349.41	35.803	266302.74
1.06818914544868	4.64543628365097	412.146	52.833	368535.15
1.59583872332902	5.22827581737935	428.167	71.02	584625.46
2.39387808489753	6.02747517801986	496.358	103.403	813402.79
3.5981271214983	7.23149421480463	639.363	153.907	1067833.11
5.39381568494745	9.04013276789379	806.252	225.027	1496934.97
8.08904352876518	11.7037706369835	1047.516	326.405	1892361.48
12.0402603677917	14.8688881048895	1321.538	477.678	2153608.53
18.1974254420596	21.7069026344779	1900.797	730.381	2418726
27.3070381543695	30.9497152402278	2669.258	1103.932	2807194.8
37.3120901503279	40.9604072316742	3589	1504.912	3247584.09
47.3042221566223	50.9399592480326	4567.798	1918.713	3681046.73
57.3071641542687	60.938411249271	5279.786	2286.135	4117515.86
67.3126761498591	70.9590032327974	6194.465	2748.439	4529984.75
77.3076981538415	80.9394552484358	7210.664	3152.255	4979401.29
87.3141501486799	90.9600472319622	8550.685	3915.818	5407342.18
97.1601222719022	99.7064202348638	9029.593	8270.602	5842360.4
