0.00114999908000074	0.0206999834400132	8.388	0.97	438.53
0.00205999835200132	0.0370799703360237	12.553	1.01	796.26
0.0032799973760021	0.0584999532000374	21.337	1.127	1194.19
0.00369999704000237	0.0662399470080424	24.89	1.183	1588.07
0.00620999503200397	0.110339911728071	38.739	1.384	2528.61
0.00945999243200605	0.165239867808106	64.705	1.667	3834.91
0.0134899892080086	0.235799811360151	91.854	2.012	5249.75
0.0188599849120121	0.325079739936208	131.983	2.436	6395.28
0.0268599785120172	0.455939635248292	152.046	3.002	11295
0.0419199664640268	0.686699450640439	273.524	4.319	15093.4
0.0629099496720403	0.976139219088625	340.796	5.777	24402.69
0.0940299247760602	1.37339890128088	458.802	7.826	36835.44
0.141879886496091	1.85597851521719	627.04	11.095	51515.64
0.214039828768137	2.45843803324957	910.834	15.76	87418.3
0.317439746048203	3.02273758180993	843.172	20.671	112734.06
0.471999622400302	3.5999971200023	970.75	28.012	180310.67
0.715459427632458	4.13531669174665	1049.713	38.078	279832.87
1.06678914656868	4.63229629416296	1145.594	53.773	402781.44
1.59864872108102	5.23691581046735	1182.722	75.602	538316.42
2.40210807831354	6.05411515670787	1268.069	108.155	782444.68
3.5970271223783	7.24013420789263	1518.62	160.486	1100206.2
5.39367568505945	9.04463276429379	1692.003	233.338	1454611.69
8.09497352402118	11.7484106012715	2048.071	347.382	1872765.24
12.1347402922078	15.7618673905061	2583.927	508.445	2157013.27
18.2075754339397	21.838842528926	3287.796	764.947	2416923.13
27.0922283262173	29.5680363455709	3990.323	1130.169	2786259.54
37.3111401510879	40.9492472406022	5661.49	1543.019	3253290.68
47.3138921488863	50.9541792366566	6669.832	1993.222	3676161.94
57.3109241512607	60.952991237607	7776.132	2401.166	4120144.61
67.2811861750511	70.5752435398052	9160.384	2795.988	4557846.56
77.3143181485455	80.9524152380678	10691.686	3268.705	4979481.18
86.9920404063677	89.3243885404892	11410.554	3646.197	5390859.66
97.1673122661502	99.7285602171518	12901.299	7806.613	5843521.82
