0.00106999914400068	0.0192599845920123	3.624	1.084	438.53
0.00183999852800118	0.0331199735040212	5.303	1.326	888.71
0.00286999770400184	0.0512999589600328	8.972	1.454	338.05
0.00291999766400187	0.0520199583840333	12.679	1.569	1085.66
0.00611999510400392	0.108179913456069	13.807	1.977	2343.72
0.00797999361600511	0.141479886816091	19.971	2.337	3360.62
0.0126699898640081	0.223559821152143	28.105	3.252	5257.78
0.0194799844160125	0.334259732592214	48.023	3.743	7392.1
0.0284799772160182	0.477179618256305	52.058	4.43	12332.01
0.0414899668080266	0.677519457984434	71.593	5.555	16536.41
0.0615299507760394	0.959399232480614	104.298	7.877	26392.37
0.0924499260400592	1.34639892288086	147.54	9.499	31437.03
0.13985988811209	1.84679852256118	216.925	12.726	55165.68
0.207449834040133	2.38607809113753	300.352	15.828	81926.78
0.317949745640204	3.03947756841795	277.53	22.815	121466.5
0.474489620408304	3.60701711438631	358.467	30.529	180033.21
0.712899429680456	4.11353670917063	371.828	40.044	263845.33
1.04818916144867	4.39631648294681	371.721	54.966	379707.46
1.59808872152902	5.22701581838735	454.838	76.216	581404.85
2.39454808436153	6.03629517096386	499.495	110.414	812129.57
3.5964871228103	7.24409420472464	601.411	160.983	1083601.49
5.39676568258745	9.02375278099777	767.904	232.225	1471645.38
8.09326352538918	11.7350906119275	1048.231	347.981	1892722.63
12.1398802880958	15.7829273736581	1334.744	511.877	2163969.2
18.2084654332277	21.833082533534	2001.171	752.892	2416558.21
27.3129981496015	30.9549352360518	2547.898	1138.12	2802179.9
37.3081601534719	40.9442072446342	4961.336	1541.703	3235969.77
47.3125921499263	50.9280792575366	4261.91	1944.043	3678262.7
57.3050641559487	60.938231249415	5230.124	2338.878	4117377.52
67.3069361544511	70.9510832391334	6045.208	2789.517	4557586.69
77.2756681794655	80.4921556062755	6733.109	3215.666	4966818.54
87.3161601470719	90.9431272454982	7555.484	3601.522	5407220.63
97.2123122301502	99.8603201117439	8627.094	4058.158	5844980.89
