0.00111999910400072	0.0199799840160128	7.623	1.108	402.36
0.00179999856000115	0.0322199742240206	11.741	1.242	792.24
0.00324999740000208	0.0581399534880372	23.806	1.588	1266.53
0.00391999686400251	0.0700199439840448	24.337	1.699	1680.52
0.00586999530400376	0.103859916912066	37.658	2.076	2327.64
0.00900999279200577	0.159119872704102	55.586	2.562	3650.01
0.0129199896640083	0.226799818560145	72.983	3.248	5740.12
0.0188999848800121	0.321479742816206	158.011	3.923	7476.51
0.028179977456018	0.473039621568303	155.499	4.844	9896.22
0.042209966232027	0.689759448192441	225.866	6.28	16697.19
0.0634699492240406	0.985859211312631	339.813	7.702	26464.74
0.0941199247040602	1.36691890646487	604.922	10.12	34073.91
0.14080988735209	1.84841852126518	680.341	13.387	56837.94
0.211749830600136	2.42207806233755	777.589	17.885	91257.57
0.317489746008203	3.03821756942594	944.29	23.91	129125.61
0.471479622816302	3.60881711294631	977.65	34.176	179241.06
0.619659504272397	3.19949744040205	784.812	34.118	204075.92
1.06268914984868	4.62275630179496	1150.695	61.28	399397.7
1.59996872002502	5.23097581521935	1247.407	82.731	571453.36
2.40042807965754	6.03935516851586	1293.605	118.146	813003.89
3.60158711873031	7.26047419162065	1521.624	172.439	1065017.64
5.39133568693145	9.04337276530179	1779.264	248.487	1452230.4
8.08655353075718	11.7403106077515	2832.86	364.27	1893023.03
11.9907904073677	14.6473082821534	2316.013	529.297	2145289.82
18.2063754348997	21.861522510782	3363.437	795.28	2415392.77
27.3150181479855	30.9430552455558	4592.187	1198.837	2803509.17
37.3140401487679	40.9384472492422	5643.871	1638.517	3236715.94
47.3125421499663	50.9529192376646	6923.183	2085.955	3676547.88
57.3103841516927	60.954971236023	8325.887	2530.009	4112027.34
67.3134261492591	70.9455032435974	9588.715	2885.222	4534328.53
77.3108581513135	80.9448552441158	12118.155	3407.268	4972596.27
87.3141301486959	90.9407872473702	13666.942	3783.133	5415732.04
96.911842470526	99.1315006947994	12793.645	4153.501	5811257.47
