0.00101999918400065	0.0183599853120118	3.715	1.32	366.18
0.00194999844000125	0.0349199720640224	5.437	1.497	840.48
0.00289999768000186	0.0518399585280332	7.047	1.617	1186.15
0.00328999736800211	0.0586799530560376	8.393	1.711	338.05
0.00493999604800316	0.0880199295840563	10.508	2.035	506.86
0.00924999260000592	0.162899869680104	17.912	2.626	3762.56
0.0128199897440082	0.223379821296143	25.563	3.147	5185.44
0.0192399846080123	0.330839735328212	36.898	3.751	7508.66
0.028159977472018	0.471959622432302	247.929	4.919	11053.82
0.0423199661440271	0.690479447616442	106.964	5.994	16580.63
0.0618899504880396	0.962639229888616	112.479	7.395	22593.87
0.0944299244560604	1.37717889825688	154.922	10.268	38929.72
0.138279889376089	1.81925854459316	216.542	12.062	55081.27
0.209919832064134	2.41505806795355	282.146	16.414	84354.93
0.317859745712203	3.03119757504194	265.496	23.878	129282.42
0.474529620376304	3.5992771205783	327.182	29.693	198779.9
0.711899430480456	4.12955669635464	378.856	40.997	279100.83
1.06543914764868	4.64579628336297	415.564	55.556	373455.45
1.59348872520902	5.23061581550735	432.325	78.025	572314.88
2.39838808128953	6.04187516649987	513.571	110.48	812548.61
3.5944871244103	7.24535420371664	569.039	164.537	1080067.73
5.24200580639535	7.87463370029304	610.685	225.85	1407713.6
8.09457352434118	11.7179906256075	1079.996	362.76	1894626.15
12.1394902884078	15.7820273743781	1345.958	526.269	2162887.33
18.2038954368837	21.858822512942	1831.392	764.465	2411707.04
27.3101081519135	30.9574552340358	2812.25	1140.872	2801328.74
37.3148401481279	40.9364672508262	3519.929	1568.215	3236628.05
47.3147321482143	50.9590392327686	4542.545	1992.222	3666430.4
57.3114441508447	60.962891229687	5488.666	2370.403	4096144.46
67.3061661550671	70.9437032450374	6441.422	2823.521	4554408.36
77.3132381494095	80.9425152459878	9213.822	3215.193	4970000.99
86.9436304450956	89.2214286228571	7943.572	3652.533	5386985.52
97.1145623083502	99.5834803332157	8804.466	4077.221	5836356.18
