0.00104999916000067	0.0188999848800121	3.554	0.929	414.42
0.00212999829600136	0.0381599694720244	7.34	1.023	852.53
0.00270999783200173	0.0487799609760312	7.548	1.088	1202.22
0.00380999695200244	0.0678599457120434	9.281	1.102	1760.9
0.00399999680000256	0.0710999431200455	10.767	1.182	506.86
0.00857999313600549	0.151379878896097	18.004	1.376	3646
0.0127799897760082	0.224819820144144	25.811	1.698	4879.96
0.0189999848000122	0.327239738208209	38.196	2.269	7392.1
0.0276499778800177	0.462779629776296	50.076	2.728	11672.83
0.0428399657280274	0.701099439120449	77.83	3.766	16906.2
0.0627899497680402	0.981179215056628	160.565	5.109	24680.03
0.0952199238240609	1.38167889465688	165.535	7.622	34475.89
0.137029890376088	1.79765856187315	181.253	10.444	51965.88
0.210929831256135	2.43071805542556	239.336	15.156	86445.44
0.316729746616203	3.02633757892994	280.901	19.2	128241.09
0.471919622464302	3.5976571218743	321.984	26.199	179880.41
0.711839430528456	4.11479670816263	339.668	36.388	270332.76
1.06386914890468	4.63265629387497	432.009	49.62	390087.56
1.59684872252102	5.21999582400334	428.172	72.082	569585.51
2.40109807912154	6.05339515728387	470.878	102.512	813036.1
3.6001771198583	7.24697420242064	585.608	148.203	1086324.49
5.39745568203545	9.02627277898178	760.408	225.605	1455982.24
8.09798352161318	11.7338306129355	971.583	320.331	1920438.18
12.1388402889278	15.7769873784101	1289.162	478.509	2149411.52
18.2102054318357	21.86296250963	2483.05	722.13	2420373.77
27.3107981513615	30.9489952408038	2603.993	1091.818	2804813.06
37.3167201466239	40.9613072309542	3312.944	1471.245	3228829.2
47.3114721508223	50.9485992411206	4149.406	1884.445	3672350.73
57.3082241534207	60.887111290311	5277.445	2315.966	4109163.56
67.3150661479471	70.9516232387014	5989.104	2709.737	4547615.85
77.3137081490335	80.9596152323078	6433.231	3068.134	4979187.56
87.3130501495599	90.9485272411782	7373.746	3850.958	5411312.85
97.2126922298462	99.8486201211039	8001.858	7519.298	5845940.98
