0.000870012180170522	0.01565998747201	6.542	1.1	458.68
0.00202002828039593	0.0363599709120233	14.802	1.402	760.17
0.00310004340060761	0.0557999553600357	26.514	1.64	1351.1
0.00394005516077225	0.0709199432640454	24.028	1.772	1724.93
0.00554007756108585	0.0995399203680637	38.757	2.07	2561.06
0.00861012054168758	0.154439876448099	53.96	2.746	3831.33
0.012760178642501	0.229679816256147	82.155	3.434	4908.65
0.0188302636236907	0.337859729712216	116.093	4.191	7441.18
0.0282303952255332	0.506339594928324	160.759	5.119	12566.57
0.0423705931883046	0.759059392752486	261.583	6.777	16859.89
0.0618808663321287	1.10987911209671	381.668	8.293	24405.47
0.0938013132183851	1.67633865892907	670.167	12.069	36345.17
0.141261977667687	2.51441798846561	951.245	17.281	54251.3
0.21260297644167	3.7558769952984	1250.946	21.763	86206
0.314364401101615	5.51141559086753	2302.761	33.048	119779.49
0.476706673893435	8.24723340221328	2985.941	49.676	191346.36
0.711609962539476	12.0770903383277	4185.527	74.883	260082.27
1.06593492308892	17.5357659713872	6185.538	102.54	403342.35
1.59463232485255	25.1486798810561	8761.495	165.447	593473.3
2.403063642891	35.4567316346147	12273.968	228.16	798384.56
3.58619020666289	48.1980214415828	17031.571	333.43	1058667.69
5.39418551859726	63.0908495273204	20294.344	476.083	1443333.64
8.09055326774575	78.128577497138	23106.929	710.523	1885600.99
12.1312698377777	90.2332078134338	24685.782	1020.321	2148400.44
18.188634640885	97.2951421638863	25913.259	1498.441	2415433.86
27.2905120671689	99.6742002606398	26762.647	2243.653	2826515.31
37.3187724628145	99.978220017424	26895.353	3016.209	3245526.6
47.2979921718904	99.999280000576	27894.871	3767.862	3677817.82
57.2877020278284	100.0	28838.594	4508.731	4127045.86
67.3033222465115	100.0	29131.376	5359.225	4561706.4
77.2983521769305	100.0	30125.145	6040.842	4988282.11
87.3119823677531	100.0	30910.643	6919.813	5416283.79
97.3101523421328	100.0	32265.505	7733.148	5848969.2
