0.00117001638022932	0.0210599831520135	12.167	1.599	434.56
0.00173002422033908	0.0311399750880199	15.778	1.367	812.43
0.00300004200058801	0.0539999568000346	25.839	1.727	1174.22
0.00412005768080753	0.0741599406720475	31.652	1.937	1568.15
0.00591008274115838	0.106199915040068	55.514	2.374	2416.35
0.00889012446174246	0.159839872128102	85.856	2.992	3867.5
0.0130301824225539	0.23435981251215	104.058	3.399	5523.7
0.0187202620836692	0.336779730576216	189.217	4.532	7646.2
0.0273803833253666	0.491399606880314	260.597	5.895	10785.75
0.0418605860482047	0.752039398368481	358.158	6.463	15802.64
0.0626508771122796	1.12013910388872	555.068	8.493	24807.48
0.0928913004782067	1.65743867404906	825.797	11.419	35070.77
0.139051946727254	2.46977802417758	1301.887	14.729	51408.96
0.209792937101119	3.70457703633837	1912.121	20.946	80372.13
0.317124439742156	5.55407555673955	2814.363	30.335	116265.2
0.476996677953491	8.24147340682127	3971.718	44.689	183085.98
0.709869938179134	12.0383903692877	5787.449	64.111	252287.03
1.06439490152862	17.5114659908272	8809.34	96.335	383182.92
1.59089227249181	25.05939995248	12471.439	135.33	545096.48
2.40131361839066	35.4104716716227	17248.389	205.792	781498.04
3.5974303640251	48.2874813700149	24787.101	308.168	1096473.6
5.38376537271522	63.0044495964403	29532.518	448.79	1456041.46
8.1051034714486	78.2637573889941	33862.132	675.083	1903119.57
12.1354398961585	90.2224078220737	37835.831	1002.236	2168955.95
18.1958747422464	97.2926221659023	38605.752	1484.881	2410707.91
27.311302358233	99.6565602747518	39475.524	2170.571	2802005.39
37.3186524611345	99.97660001872	39817.916	2945.007	3249011.22
47.2898220575088	99.999280000576	42821.858	3699.778	3695689.56
57.2767318742462	100.0	41926.328	4535.121	4109266.28
67.3057322802519	100.0	42814.117	5301.334	4559173.76
77.2982221751105	100.0	44042.332	6051.372	4985971.71
87.3121123695732	100.0	44340.792	6887.533	5410736.12
97.3038322536515	100.0	46138.629	7573.342	5849061.49
