0.00102999917600066	0.0183599853120118	7.416	1.164	359.3
0.00196999842400126	0.0350999719200225	14.963	1.425	829.61
0.00319999744000205	0.0570599543520365	20.552	1.668	1171.49
0.00404999676000259	0.0719999424000461	28.569	1.842	1644.89
0.00633999492800406	0.111959910432072	37.039	2.331	2496.19
0.00915999267200586	0.161999870400104	51.207	2.742	3733.92
0.0130299895760083	0.228959816832147	101.615	3.521	5300.34
0.0190499847600122	0.325979739216209	116.904	4.496	6656.8
0.0285799771360183	0.483299613360309	139.252	5.761	10758.85
0.0423099661520271	0.68777944977644	208.903	7.919	16708.83
0.0632099494320405	0.985679211456631	299.351	9.365	20937.7
0.0935599251520599	1.36349890920087	330.948	12.121	35897.18
0.139379888496089	1.83383853292917	427.58	15.143	47798.37
0.211859830512136	2.43755804995356	462.734	19.718	63933.48
0.317569745944203	3.01913758468993	359.655	24.763	100282.33
0.473449621240303	3.58433713253029	371.24	30.743	124287.25
0.711739430608455	4.13603669117065	419.333	37.459	185399.67
1.06817914545668	4.61501630798695	374.93	44.094	370118.73
1.60202871837703	5.22521581982734	406.5	55.706	451772.47
2.25189819848144	4.91957606433915	348.151	59.511	532536.64
3.60337711729831	7.25201419838864	488.487	82.318	654023.6
5.39418568465145	9.04463276429379	705.429	114.25	722898.7
8.09299352560518	11.7388706089035	780.34	153.491	740850.06
12.1411502870798	15.7786073771141	1039.157	220.995	723330.47
18.2071654342677	21.84316252547	1975.483	326.627	736172.89
27.3063081549535	30.9417952465638	1973.035	463.183	756549.19
37.3139101488719	40.9377272498182	2492.611	596.15	778479.8
47.3102721517823	50.9514792388166	3014.646	749.624	801009.5
57.3147441482047	60.947591241927	3496.331	881.292	822071.96
67.3088561529151	70.9420832463334	4010.459	1035.582	844907.87
77.3093781524975	80.9383752492998	4555.453	1172.774	867114.05
87.3046401562879	90.8623073101542	5071.745	1319.944	889145.78
97.1777222578222	99.7426002059198	5387.087	1450.684	911191.25
