0.000579999536000371	0.0104399916480067	4.597	1.036	92.58
0.00181999854400116	0.0325799739360208	11.858	1.311	790.22
0.00300999759200193	0.0538199569440344	17.754	1.591	1096.95
0.00377999697600242	0.0667799465760427	24.023	1.76	1559
0.00605999515200388	0.107639913888069	36.855	2.288	2376.06
0.00920999263200589	0.163799868960105	111.484	2.956	3106.87
0.012459990032008	0.21941982446414	76.968	3.378	4893.01
0.0183899852880118	0.311219751024199	88.159	4.229	2279.1
0.0189899848080122	0.32759973792021	127.832	4.654	6973.64
0.0412099670320264	0.677519457984434	215.989	7.171	16832.02
0.0644299484560412	0.996659202672638	244.4	9.092	24796.9
0.0941299246960602	1.37573889940888	325.909	12.281	31785.89
0.142209886232091	1.86659850672119	416.25	15.176	46895.01
0.211119831104135	2.41649806680155	516.934	21.577	67576.98
0.313449749240201	3.01589758728193	414.42	25.543	100867.2
0.476149619080305	3.62051710358632	322.796	30.796	142147.64
0.713299429360457	4.11875670499464	355.833	36.941	284246.96
0.950319239744608	3.60215711827431	246.471	38.02	310568.17
1.59397872481702	5.21909582472334	432.188	56.953	477365.08
2.40219807824154	6.05015515987587	468.283	66.419	573689.58
3.5966171227063	7.23869420904463	569.244	83.029	662075.85
5.39299568560345	9.05003275997379	637.226	112.607	718190.96
8.09360352511718	11.7575905939275	794.701	150.079	740983.05
12.1398602881118	15.7922873661701	1097.174	227.055	723192.52
18.2015654387477	21.84316252547	1388.941	318.232	736349.11
27.3051681558655	30.8679953056038	1802.651	446.429	756668.57
37.3095001523999	40.9586072331142	2501.728	611.148	778335.39
47.3103521517183	50.9444592444326	2974.153	736.792	800968.55
57.3084541532367	60.944351244519	3488.252	886.991	823046.99
67.3070761543391	70.9422632461894	4121.454	1036.193	844906.63
77.3130381495695	80.9448552441158	4567.302	1173.756	866865.72
87.1309002952798	89.6993282405374	5154.827	1316.985	889000.73
97.2252422198062	99.9046000763199	5489.064	1452.989	911453.43
