0.000989999208000634	0.0178199857440114	7.236	0.949	442.57
0.00210999831200135	0.0379799696160243	13.4	1.103	849.3
0.00324999740000208	0.0579599536320371	18.4	1.205	1202.86
0.00376999698400241	0.0676799458560433	24.197	1.242	1660.49
0.00599999520000384	0.106199915040068	33.42	1.429	2383.82
0.00866999306400555	0.153359877312098	71.309	1.775	3468.81
0.0126099899120081	0.220319823744141	82.067	2.214	5300.34
0.0195099843920125	0.334079732736214	142.732	2.938	7188.61
0.0248199801440159	0.415259667792266	135.784	3.401	9908.87
0.0417099666320267	0.673739461008431	189.576	5.19	15852.05
0.0616399506880395	0.962279230176616	303.075	7.041	19626.65
0.0940499247600602	1.37177890257688	356.428	9.876	33407.66
0.14082988733609	1.86461850830519	395.603	13.055	47841.62
0.211429830856135	2.42819805744155	392.139	18.408	66658.16
0.317419746064203	3.01589758728193	361.815	22.396	103381.77
0.475349619720304	3.5983771212983	363.727	27.769	145386.81
0.710999431200455	4.12145670283464	336.366	33.76	280975.82
1.06252914997668	4.60781631374695	365.298	41.958	369545.78
1.60295871763303	5.22953581637135	389.422	54.18	453285.37
2.39618808304953	6.02513517989186	441.512	63.155	576341.95
3.5983371213303	7.22879421696463	545.719	81.832	657522.95
5.39558568353145	9.04049276760579	660.648	107.449	718190.05
8.09321352542918	11.7521905982475	739.294	146.797	740770.45
12.1354402916478	15.7816673746661	1021.824	216.782	723243.55
18.2069254344597	21.848922520862	1342.45	310.9	736688.09
27.3128181497455	30.9675352259718	1802.131	441.3	756466.34
37.2204002236798	40.0753479397216	2245.864	579.069	778393.17
47.3021721582623	50.9439192448646	2883.997	729.773	801116.14
57.3085341531727	60.937331250135	4640.534	881.599	823143.69
67.3107161514271	70.9224632620294	3970.908	1013.529	844812.3
77.3095081523935	80.9443152445478	4524.097	1167.732	867363.42
87.3154201476639	90.9595072323942	5006.255	3000	889192.43
96.9844024124781	99.2722605821915	5144.1	3175.563	910021
