0.00099999920000064	0.0179999856000115	7.746	0.941	406.9
0.0020299983760013	0.0361799710560232	13.255	1.06	790.22
0.00290999767200186	0.0521999582400334	25.791	1.153	1002.7
0.00402999677600258	0.0719999424000461	24.119	1.3	1598.05
0.00576999538400369	0.102239918208065	32.844	1.466	2174.29
0.00802999357600514	0.14093988724809	44.217	1.686	1069.47
0.00933999252800598	0.164879868096106	70.542	1.914	3106.87
0.0188299849360121	0.323819740944207	96.256	2.902	7651.16
0.0282099774320181	0.477359618112305	137.75	3.774	8977.09
0.042169966264027	0.685259451792439	380.635	5.347	15502.96
0.0631499494800404	0.988379209296633	253.979	6.952	24613.19
0.09366992506406	1.35899891280087	340.443	9.836	33673.1
0.14044988764009	1.84697852241718	428.17	13.085	48682.53
0.211069831144135	2.43251805398556	414.005	17.144	75941.09
0.315789747368202	3.02147758281793	360.036	22.526	96609.09
0.472389622088302	3.5999971200023	342.537	27.836	152595.71
0.710809431352455	4.10435671651463	344.016	34.037	195589.29
1.06079915136068	4.63787628969897	385.806	42.043	383854.46
1.59836872130502	5.21765582587534	386.463	52.714	454201.96
2.40056807954554	6.03035517571586	419.827	64.408	560613.91
3.5968071225543	7.24679420256464	558.378	81.568	661335.92
5.39245568603545	9.03563277149378	588.468	108.266	719565.24
8.09358352513318	11.7417506065995	787.734	148.014	740882.98
12.1347902921678	15.7787873769701	966.91	214.499	723427.35
18.2107454314037	21.84496252403	1382.647	317.701	736620.84
27.3140581487535	30.9464752428198	1803.464	442.434	756328.91
37.3096201523039	40.9523072381542	2382.04	583.344	779239.61
47.3127321498143	50.9260992591206	2889.85	728.041	801026.88
57.3122841501727	60.950291239767	3379.86	876.482	822912.33
67.3104861516111	70.9548632361094	4059.566	1026.815	845695.78
77.3150581479535	80.9569152344678	4491.339	1154.976	867301.28
87.3136501490799	90.9478072417542	4985.486	2981.925	889634.19
97.2282522173982	99.9101800718559	5246.15	3287.975	911463.15
