0.00101999918400065	0.0183599853120118	9.002	1.063	422.76
0.00200999839200129	0.0361799710560232	16.531	1.216	876.86
0.00273999780800175	0.0485999611200311	21.219	1.296	335.49
0.00284999772000182	0.0507599593920325	21.833	1.292	1096.95
0.00604999516000387	0.107999913600069	77.968	1.603	2527.17
0.00872999301600559	0.154079876736099	65.704	1.867	3695.53
0.0122899901680079	0.215999827200138	127.016	2.303	5532.13
0.0192199846240123	0.333179733456213	149.22	3.136	6656.8
0.0241799806560155	0.39041968766425	151.501	3.292	3395.73
0.0278999776800179	0.470879623296301	181.377	3.678	10291.54
0.0626099499120401	0.978119217504626	404.258	7.005	24786.31
0.0939199248640601	1.36547890761687	468.968	10.016	32920.61
0.14104988716009	1.8737985009612	544.824	12.531	48041.18
0.208369833304133	2.40191807846554	590.329	15.733	70483.33
0.313689749048201	3.01607758713793	479.334	21.058	93586.17
0.463799628960297	3.39245728603417	374.943	25.762	137141.5
0.711649430680455	4.12019670384264	433.736	33.107	272198.38
1.06752914597668	4.63085629531496	455.111	40.718	349829.07
1.60189871848103	5.22629581896334	573.727	51.742	452609.29
2.40280807775354	6.04043516765187	561.199	63.293	557678.03
3.5997471202023	7.22627421898062	611.783	81.672	652330.64
5.39359568512345	9.02681277854978	757.45	109.542	720942.86
8.09489352408518	11.7188906248875	897.718	150.011	740903.18
12.1366102907118	15.7854473716421	1171.053	221.548	723153.04
18.2059254352597	21.858642513086	1978.112	316.695	736427.8
27.3134381492495	30.9635752291398	2001.563	465.292	756082.23
37.1911602470718	39.9128080697535	2456.67	603.703	778103.97
47.3080921535263	50.9538192369446	3155.588	768.471	800398.4
57.3068841544927	60.945431243655	3702.886	913.587	823489.77
67.3043761564991	70.9489232408614	4608.633	1070.793	845674.5
77.2925681659455	80.6865554507556	4680.816	1207.894	866759.33
87.3065101547919	90.9517672385862	5353.17	2288.654	889831.03
97.0314723748221	99.3712605029916	5530.062	2436.747	910231.44
