0.000959999232000614	0.0172799861760111	24.611	0.952	391.04
0.00194999844000125	0.0350999719200225	15.188	1.041	746.86
0.00305999755200196	0.0550799559360352	24.05	1.149	1245.97
0.00441999646400283	0.0786599370720503	34.966	1.315	1559
0.00565999547200362	0.100259919792064	49.069	1.408	2205.35
0.00888999288800569	0.155159875872099	68.457	1.718	3764.63
0.0131799894560084	0.230579815536148	95.295	2.195	5532.13
0.0184799852160118	0.319499744400204	134.021	2.864	7086.93
0.0283499773200181	0.474299620560304	228.657	3.602	9908.87
0.0426799658560273	0.694979444016445	276.837	4.998	15291.82
0.06243995004804	0.983339213328629	399.192	6.433	23146.59
0.0940999247200602	1.37807889753688	420.498	9.492	33373.18
0.14095988723209	1.85597851521719	536.218	12.244	52127.5
0.213079829536136	2.45429803656157	543.268	16.895	72846.47
0.316489746808203	3.03587757129794	522.69	20.811	103313.63
0.478079617536306	3.61619710704231	443.491	26.052	155806.17
0.709409432472454	4.11515670787463	433.47	32.147	289185.11
0.827159338272529	3.12713749829	242.651	28.455	146539.9
1.59984872012102	5.22611581910734	523.095	50.596	463020.23
2.39834808132153	6.04169516664387	573.931	61.231	567970.69
3.5944071244743	7.24211420630864	639.218	77.572	655221.42
5.39439568448345	9.01943278445377	713.843	103.721	721873.09
8.09292352566118	11.7318506145195	952.5	143.559	740940.57
12.1395602883518	15.7748273801381	1158.618	213.7	723113.72
18.2014054388756	21.7466826026539	1463.957	299.007	736826.34
27.3119681504255	30.9673552261158	1951.923	432.137	756315.77
37.3136501490799	40.9575272339782	2545.863	576.217	778560.77
47.3096521522783	50.9507592393926	3077.333	715.971	800951.92
57.3149041480767	60.954611236311	3733.356	851.811	823476.52
67.3105461515631	70.9365032507974	4193.183	996.548	844665.76
77.3130881495295	80.9461152431078	4828.156	1134.354	866847.91
87.3059701552239	90.8797672961862	5266.504	2186.12	889143.8
97.2157222274222	99.8758000993599	5443.15	2333.45	911440.1
