0.000949999240000608	0.0170999863200109	8.966	1.275	398.97
0.0021899982480014	0.0392399686080251	19.089	1.601	802.04
0.00300999759200193	0.0534599572320342	24.407	1.759	1096.95
0.00356999714400228	0.0638999488800409	27.612	1.894	1562.91
0.00553999556800355	0.0986399210880631	41.948	2.325	2084.93
0.00862999309600552	0.151919878464097	72.509	2.824	3860.55
0.0132999893600085	0.232019814384148	106.684	3.607	4648.92
0.0200199839840128	0.344699724240221	153.723	4.816	7105.76
0.028149977480018	0.475919619264305	187.843	6.012	10758.85
0.0416499666800267	0.684179452656438	296.724	7.169	16708.83
0.0631199495040404	0.988559209152633	377.274	8.961	23341.72
0.0939299248560601	1.35755891395287	495.014	11.668	35399.53
0.14104988716009	1.85867851305719	587.506	14.897	52127.5
0.211289830968135	2.41091807126554	531.903	18.694	73904.3
0.318899744880204	3.02993757604994	497.59	24.534	100828.51
0.473349621320303	3.60305711755431	427.776	29.062	131629.49
0.711789430568456	4.12271670182664	454.241	36.789	190995.81
1.06374914900068	4.63463629229097	519.124	44.109	364740.01
1.59608872312902	5.23241581406735	524.579	55.066	475025.42
2.39831808134553	6.02657517873986	586.952	68.391	567126.92
3.5887271290183	7.16111427110858	590.215	84.518	656374.89
5.39661568270745	9.03635277091778	779.048	113.435	720245.42
8.09095352723718	11.7289706168235	878	153.97	740929.41
12.1372602901918	15.7714073828741	1161.197	235.842	722960.48
18.2055054355957	21.850902519278	1574.342	328.198	736106.55
27.3051581558735	30.9398152481478	2106.879	470.043	756555.26
37.3083801532959	40.9476272418982	2680.095	623.69	779505.32
47.3150321479743	50.9476992418406	3180.422	772.194	800439.35
57.3119441504447	60.951731238615	3793.511	910.532	823071.86
67.3115761507391	70.9494632404294	4522.21	1085.741	844784.98
77.3140481487615	80.9425152459878	4965.274	1217.718	866808.69
86.9646404282877	89.2631885894491	5420.669	1365.261	888175.26
97.2291222167022	99.9114400708479	5989.475	1517.634	911456.86
