0.000909999272000582	0.0163799868960105	8.645	0.925	371.21
0.00176999858400113	0.0316799746560203	15.767	1.046	735.04
0.00323999740800207	0.057779953776037	24.779	1.209	1198.94
0.00375999699200241	0.0673199461440431	32.731	1.287	1726.8
0.00583999532800374	0.103859916912066	69.851	1.444	2314.01
0.00950999239200609	0.167759865792107	70.161	1.873	3860.55
0.0129299896560083	0.224999820000144	106.149	2.267	4961.6
0.0188699849040121	0.325259739792208	145.14	2.816	7361.72
0.0290699767440186	0.485639611488311	230.768	3.729	11055.06
0.0420399663680269	0.685979451216439	279.969	4.87	15455.66
0.0627599497920402	0.978839216928626	382.328	6.775	21448.29
0.0933599253120597	1.35521891582487	866.674	9.259	34234.33
0.139219888624089	1.84553852356918	555.494	12.177	48543.05
0.212309830152136	2.43647805081756	598.426	15.879	71726.33
0.3126897498482	3.00041759966592	502.445	20.72	100694.5
0.471599622720302	3.5915371267703	471.849	26.285	145792.81
0.715659427472458	4.13351669318665	459.662	31.854	296692.09
1.06876914498468	4.64345628523497	460.737	40.135	377945.98
1.59863872108902	5.23853580917135	484.182	48.097	474403.61
2.39642808285753	6.04511516390787	551.128	61.471	569101.78
3.60274711780231	7.24985420011664	571.679	77.09	661250.41
5.39469568424345	9.04661276270979	740.689	101.923	717570.57
8.09442352446118	11.7268106185515	938.223	144.155	741046.73
12.1323302941358	15.7782473774021	1090.189	206.992	723458.29
18.2075154339877	21.842442526046	1479.071	302.608	736669.91
27.3085181531855	30.9387352490118	2052.172	432.464	756952.99
37.3127901497679	40.9575272339782	2508.34	568.119	778563.25
47.3085921531263	50.9617392306086	3123.805	716.992	800413.11
57.3149941480047	60.946691242647	3605.802	844.029	823577.95
67.3114861508111	70.9550432359654	4231.488	989.992	845260.51
77.3035981571215	80.8298353361317	4754.49	1136.149	866866.07
87.3145401483679	90.9305272555782	5273.472	2181.826	889128.1
97.1345422923662	99.6373002901598	5607.885	2330.289	911126.63
