0.000979999216000627	0.0176399858880113	13.664	1.285	410.86
0.00189999848000122	0.0340199727840218	15.572	1.492	876.86
0.00322999741600207	0.0581399534880372	37.06	1.947	1202.86
0.00387999689600248	0.0691199447040442	45.241	1.952	1594.14
0.00573999540800367	0.101879918496065	60.223	2.373	2325.65
0.00949999240000608	0.167399866080107	77.631	3.094	3203.22
0.0126999898400081	0.220319823744141	97.448	3.511	4595.47
0.0194099844720124	0.337139730288216	145.576	4.674	7166.02
0.0277299778160177	0.472319622144302	189.328	5.644	10362.06
0.0420599663520269	0.683639453088438	288.4	7.085	14193.21
0.0627099498320401	0.974159220672624	373.779	8.675	24295
0.09372992501606	1.36529890776087	501.713	11.772	34148.31
0.14117988705609	1.85687851449719	545.499	14.635	51233.85
0.210699831440135	2.42585805931355	584.447	19.237	65497.76
0.319259744592204	3.02363758108994	491.013	24.92	92829.65
0.473969620824303	3.61007711193831	498.23	29.778	136250.43
0.565569547544362	2.91383766892986	273.814	27.755	101974.55
1.06388914888868	4.63949628840297	475.728	43.186	368704.5
1.60342871725703	5.23043581565135	516.58	57.462	456573.85
2.39781808174553	6.03953516837187	1103.655	68.286	560990.18
3.5970571223543	7.24661420270864	592.533	84.501	648257.23
5.39935568051546	9.03113277509378	738.604	113.173	717459.23
8.09695352243718	11.7413906068875	875.587	155.975	740828.75
12.1389302888558	15.7762673789861	1246.754	229.067	723330.92
18.2089054328757	21.824082540734	1560.474	332.436	736745.41
27.3102381518095	30.9423352461318	2070.298	465.198	756290.52
37.3146301482959	40.9505072395942	2654.755	636.911	779271.49
47.3105421515663	50.9521992382406	3216.5	769.505	801009.21
57.3055841555327	60.949751240199	3809.177	931.383	823295.95
67.3099361520511	70.9408232473414	4417.34	1069.088	844594.75
77.2614581908335	80.3351957318434	4962.559	1232.531	866615.4
87.3123101501519	90.9492472406022	6060.111	1369.263	889668.12
96.9983024013581	99.2933205653435	5841.25	1512.454	910416.82
