0.00099999920000064	0.0179999856000115	15.623	1.301	430.68
0.00180999855200116	0.0323999740800207	5.174	1.48	802.04
0.00305999755200196	0.0541799566560347	7.492	1.871	1198.94
0.0038999968800025	0.0696599442720446	12.087	1.999	1422.12
0.00610999511200391	0.107639913888069	13.219	2.279	2290.74
0.00871999302400558	0.153719877024098	17.563	2.869	3541.86
0.012519989984008	0.21815982547214	42.856	3.432	4904.45
0.0191199847040122	0.32849973720021	49.361	4.307	7380.52
0.0285399771680183	0.481319614944308	47.389	5.436	10514.17
0.0431199655040276	0.704159436672451	81.173	7.101	15542.98
0.0631199495040404	0.981539214768628	95.744	9.242	20937.7
0.0966799226560619	1.39247888601689	106.575	11.403	33469.74
0.14082988733609	1.84985852011318	156.041	14.673	48157.56
0.212329830136136	2.44259804592156	142.949	20.093	65497.76
0.316329746936202	3.01877758497793	160.676	23.798	106680.65
0.475229619816304	3.5949571240343	139.81	30.805	155018.13
0.710349431720455	4.12361670110664	150.75	35.592	276672.04
1.06486914810468	4.62797629761896	182.687	44.993	378018.4
1.59716872226502	5.22161582270734	191.423	55.867	461370.56
2.39902808077754	6.03917516865986	207.343	68.578	558802.33
3.5985171211863	7.25795419363665	274.725	85.669	645742.19
5.39269568584345	9.01295278963777	302.329	116.068	715876.25
8.08775352979718	11.7197906241675	382.638	158.149	741033.69
12.1355302915758	15.7705073835941	485.744	227.139	723169.61
18.1983854412916	21.832542533966	678.325	331.734	736444.22
27.3128381497295	30.9569152344678	851.259	472.071	756324.55
37.3105801515359	40.9492472406022	1215.647	614.467	779400.59
47.3114921508063	50.9403192477446	1609.058	788.547	800574.11
57.3080241535807	60.929951256039	1911.983	909.974	823194.52
67.3083761532991	70.9424432460454	2260.053	1064.906	844591.96
77.3116381506895	80.9453952436838	2604.187	1215.756	867299.3
87.3094101524719	90.8862472910022	2972.234	1379.409	889690.45
96.9922024062381	99.2814405748475	3245.478	1486.126	910391.79
