0.00099999920000064	0.0179999856000115	3.58	1.112	422.76
0.00203999836800131	0.0367199706240235	5.275	1.353	857.18
0.00308999752800198	0.0552599557920354	8.583	1.59	1175.41
0.00398999680800255	0.0705599435520452	9.174	1.726	1683.9
0.00576999538400369	0.101159919072065	12.765	2.176	2084.93
0.00945999243200605	0.167219866224107	19.063	2.865	3449.58
0.0130899895280084	0.228599817120146	35.895	3.4	4717.6
0.0192599845920123	0.331199735040212	33.761	4.467	7350.43
0.0278699777040178	0.4690796247363	50.888	4.993	10506.75
0.0410499671600263	0.674459460432432	60.108	7.137	14193.21
0.0636399490880407	0.987119210304632	134.74	8.388	24796.9
0.09368992504806	1.36835890531288	101.645	10.834	30101.89
0.141759886592091	1.8707385034092	120.254	15.051	48682.53
0.211859830512136	2.43503805196956	136.528	18.827	69126.01
0.262639789888168	2.35331811734551	95.575	18.716	59090.44
0.443679645056284	3.17231746214603	114.868	27.913	135447.07
0.710339431728455	4.13405669275465	168.513	35.452	187156.4
1.06693914644868	4.64417628465897	180.449	44.759	377577.2
1.59793872164902	5.23601581118735	168.732	52.075	474031.43
2.39428808456953	6.03467517225986	233.577	65.105	566776.36
3.5958071233543	7.22681421854863	246.977	80.42	659552.15
5.39753568197145	9.02717277826178	269.275	108.139	717251.61
8.08752352998118	11.7151106279115	372.12	145.522	740565.51
11.8755204995836	14.2783085773531	403.915	202.467	722170.76
18.2068854344917	21.85486251611	626.377	304.621	736558.76
27.3099181520655	30.9423352461318	851.21	444.063	756290.76
37.3160901471279	40.9641872286502	1202.421	583.119	778055.65
47.3117021506383	50.9563392349286	1531.601	712.656	801082.72
57.3084841532127	60.939491248407	1846.192	855.94	823159.6
67.3096961522431	70.9440632447494	2165.933	996.946	845723.08
77.3129781496175	80.9518752384998	2516.923	1155.18	866896.21
87.3137701489839	90.9622072302342	2904.846	1284.076	889127.51
97.2025922379262	99.8308001353599	3157.749	1402.564	911430.91
