0.000969999224000621	0.0174599860320112	3.562	1.156	398.97
0.00204999836000131	0.0368999704800236	5.759	1.371	735.04
0.00318999744800204	0.0572399542080366	9.062	1.62	1175.41
0.00427999657600274	0.0766799386560491	9.688	1.967	1531.66
0.00603999516800387	0.107279914176069	12.682	2.208	2321.77
0.00945999243200605	0.164879868096106	18.222	2.829	3468.81
0.0106799914560068	0.183959852832118	29.051	3.091	1555.09
0.0129699896240083	0.224459820432144	23.612	3.234	5075.86
0.0286799770560184	0.483479613216309	46.533	5.686	10758.85
0.0415299667760266	0.676799458560433	63.136	6.941	16828.4
0.0621799502560398	0.957419234064613	80.242	9.109	22876.28
0.0936299250960599	1.37123890300888	110.774	11.563	31342.34
0.139149888680089	1.84445852443318	134.635	14.684	45775.81
0.213949828840137	2.45573803540957	138.916	17.922	75164.45
0.316449746840203	3.03515757187394	141.431	23.71	106244.78
0.477269618184305	3.60179711856231	161.161	28.652	127573.95
0.708169433464453	4.12001670398664	147.464	34.518	186726.08
1.06217915025668	4.60979631216295	184.421	43.656	370345.76
1.2496190003048	3.48623721101023	105.625	36.955	310492.71
2.39720808223353	6.05285515771587	231.232	65.298	562173.75
3.5948771240983	7.22951421638863	272.873	80.786	655043.47
5.39398568481145	9.04949276040579	454.257	109.558	717431
8.09335352531718	11.7226706218635	332.281	147.623	740522.28
12.1418902864878	15.7858073713541	443.923	215.072	723219.13
18.2061454350837	21.846402522878	605.201	307.811	736637.48
27.3132781493775	30.9540352367718	949.155	444.325	756549.91
37.1695402643678	39.8303681357055	1125.515	560.048	777942.02
47.3133021493583	50.9563392349286	1519.956	716.116	800647.02
57.3131841494527	60.949751240199	1876.579	859.058	822081.65
67.3101361518911	70.9568432345254	2182.551	1003.014	845286.68
77.3130381495695	80.9565552347558	2545.312	1136.58	867300.91
87.3120701503439	90.9604072316742	2920.171	1282.671	889218.09
97.0078223937421	99.3197805441756	3967.567	1394.828	910119.32
