0.00104999916000067	0.0185399851680119	3.975	0.993	395
0.00162999869600104	0.0291599766720187	4.588	1.009	794.16
0.003119997504002	0.0554399556480355	7.752	1.174	1175.41
0.00379999696000243	0.0680399455680435	8.625	1.212	1562.91
0.00621999502400398	0.10979991216007	12.738	1.472	1983.84
0.00932999253600597	0.164159868672105	18.033	1.683	3764.63
0.0120999903200077	0.211319830944135	25.448	1.961	4239.84
0.0131299894960084	0.224819820144144	24.35	2.053	1555.09
0.028129977496018	0.472499622000302	51.373	3.538	11140.46
0.0418899664880268	0.683639453088438	65.765	4.63	13951.82
0.063989948808041	0.990179207856634	93.406	6.656	22776.79
0.0949099240720607	1.38653889076889	128.233	8.971	33231.78
0.14085988731209	1.85579851536119	129.083	12.082	53920.63
0.208869832904134	2.40569807544154	151.414	15.291	70385.21
0.315109747912202	3.01931758454593	163.13	21.074	102999.46
0.477749617800306	3.60899711280231	140.137	26.068	142464.06
0.704939436048451	4.12091670326664	146.133	32.171	276891.64
1.06908914472868	4.65281627774698	172.476	42.175	371574.49
1.60019871984102	5.23133581493135	218.294	50.195	455376.44
2.40123807900954	6.03341517326786	227.189	61.296	565352.24
3.5998171201463	7.23563421149263	228.444	78.293	648476.74
5.39358568513145	9.04067276746179	280.517	103.146	717541.12
8.08950352839718	11.7030506375595	345.715	142.62	740925.34
12.1381302894958	15.7849073720741	501.533	207.444	723160.16
18.2086754330597	21.852882517694	583.954	298.938	736606.73
27.3095681523455	30.9592552325958	848.728	432.92	756443.18
37.3113201509439	40.9571672342662	1179.107	567.332	778472.08
47.3095921523263	50.9514792388166	1532.108	711.206	801072.92
57.3098341521327	60.936431250855	1822.267	855.535	823110.64
67.3097661521871	70.9537832369734	2203.588	989.232	844922.91
77.3133081493535	80.9468352425318	2562.838	1128.919	866849.77
87.3132701493839	90.9539272368582	2875.621	1602.164	889153.28
96.939732448214	99.1867606505915	3145.155	1761.983	909828.24
