0.00103999916800067	0.018719985024012	19.766	1.166	430.68
0.00201999838400129	0.0363599709120233	20.406	1.384	786.28
0.00301999758400193	0.0538199569440344	7.231	1.61	1198.94
0.00400999679200257	0.0710999431200455	9.186	1.842	1555.09
0.00605999515200388	0.107279914176069	27.537	2.24	1983.84
0.00885999291200567	0.154799876160099	17.395	2.764	3411.12
0.0127499898000082	0.223019821584143	24.339	3.229	4595.47
0.0189399848480121	0.32795973763221	33.538	4.327	6656.8
0.0274399780480176	0.463319629344297	44.951	5.054	11188.55
0.0427099658320273	0.696419442864446	70.734	6.871	15910.21
0.0626999498400401	0.975779219376624	85.113	8.34	24528.38
0.0931599254720596	1.35341891726487	157.579	12.08	34100.14
0.141969886424091	1.8725385019692	149.887	14.7	53920.63
0.211379830896135	2.43071805542556	157.198	19.248	72058.51
0.318599745120204	3.02273758180993	161.628	23.584	87439.97
0.475249619800304	3.60125711899431	154.245	28.302	136143.44
0.627299498160401	3.24521740382608	136.156	29.307	167747.83
1.06731914614468	4.65317627745898	160.303	42.436	372142.5
1.60209871832103	5.24123580701135	210.087	53.63	472349.58
2.39759808192153	6.04259516592387	214.802	65.172	557335.01
3.5950671239463	7.23059421552463	252.968	81.737	649672.71
5.39438568449145	9.03095277523778	294.333	111.158	714955
8.09390352487718	11.7286106171115	367.801	145.527	740900.9
12.1415802867358	15.7741073807141	455.669	212.401	723010.39
18.2081454334837	21.84946252043	622.989	301.278	736270.17
27.3146481482815	30.9423352461318	819.284	441.832	756484.41
37.3087801529759	40.9497872401702	1169.834	579.408	778168.72
47.2946421642863	50.7097394322085	1540.928	707.836	800501.18
57.3082741533807	60.945791243367	1858.199	857.141	823441.97
67.3064561548351	70.9330832535334	2202.966	993.581	845763.25
77.3132381494095	80.9410752471398	2523.82	1128.864	866954.22
87.3109901512079	90.9042472766022	2891.102	1276.868	889136.96
97.2175722259422	99.8687801049759	3187.732	1407.156	911480.56
