0.00105999915200068	0.0188999848800121	3.806	1.169	422.76
0.00203999836800131	0.0367199706240235	13.669	1.367	719.26
0.00294999764000189	0.0527399578080338	7.086	1.58	1273.39
0.00401999678400257	0.0716399426880459	10.135	1.772	1531.66
0.0059399952480038	0.105299915760067	13.215	2.14	2205.35
0.00913999268800585	0.161459870832103	17.668	2.688	3395.73
0.0129099896720083	0.224999820000144	23.297	3.175	5395.37
0.018769984984012	0.325079739936208	40.791	4.373	7056.79
0.0278499777200178	0.470339623728301	45.726	5.045	10254.41
0.0420199663840269	0.682379454096437	84.004	6.738	15873.85
0.0628699497040402	0.979379216496627	92.413	8.273	21448.29
0.0932199254240597	1.35755891395287	104.262	11.007	36167.73
0.139699888240089	1.84697852241718	153.961	14.479	44720.7
0.210989831208135	2.43071805542556	138.18	19.75	71888.14
0.314699748240201	3.01967758425793	136.251	23.809	92829.65
0.473539621168303	3.57965713627429	165.69	28.674	150488.96
0.710979431216455	4.11767670585863	153.129	35.456	280016.18
1.06569914744068	4.64363628509097	213.78	43.239	372805.27
1.59292872565702	5.21099583120334	205.402	53.695	463562.93
2.40303807756954	6.05249515800387	224.374	64.187	573683.89
3.5974971220023	7.24337420530064	244.038	81.825	661498.08
5.39848568121146	9.01853278517377	344.096	111.119	719160.92
7.92688365849307	10.5148715881027	296.302	138.651	740974.42
12.0691203447037	15.0361079711136	432.938	208.653	723404.89
18.2116854306517	21.833802532958	652.86	309.154	736245.61
27.3148881480895	30.9583552333158	1461.434	444.12	757130.47
37.3135701491439	40.9580672335462	1188.46	584.922	778496.01
47.3142921485663	50.9476992418406	1532.628	713.216	800809.29
57.3086841530527	60.970271223783	1857.845	856.513	822215.56
67.3125561499551	70.9478432417254	2188.57	1001.513	844795.87
77.3135681491455	80.9371152503078	2541.008	1139.441	866815.17
87.3165201467839	90.9663472269222	2915.573	1275.315	889175.12
97.2184622252302	99.8810200951839	3154.784	1403.976	911440.91
