0.000779999376000499	0.014039988768009	5.502	0.913	297.87
0.00189999848000122	0.0341999726400219	12.143	1.078	695.82
0.00215999827200138	0.0388799688960249	13.049	1.042	977.2
0.00261999790400168	0.0471599622720302	15.513	1.046	1162.1
0.00548999560800351	0.0986399210880631	32.398	1.319	1953.96
0.00668999464800428	0.120059903952077	47.677	1.425	2922.7
0.0111199911040071	0.199619840304128	68.093	1.74	4478.29
0.0171099863120109	0.307439754048197	116.929	2.309	6886.07
0.0217399826080139	0.39041968766425	130.57	2.674	9068.76
0.0361199711040231	0.646379482896414	242.596	3.957	14410.98
0.0512099590320328	0.916199267040586	337.367	5.307	23363.05
0.0540399567680346	0.964079228736617	343.785	5.642	21602.35
0.126169899064081	2.23235821411343	712.873	11.987	50666.54
0.133559893152085	2.3498981200815	824.875	13.149	55993.17
0.201139839088129	3.50261719790624	1233.061	18.519	73469
0.321849742520206	5.51969558424353	2009.405	30.711	131686.73
0.592469526024379	9.89243208605433	3431.535	54.108	226855.12
0.907399274080581	14.6419082864734	5177.463	80.039	336750.55
1.16635906691275	17.7946057643154	6382.892	102.229	430071.97
2.14579828336137	30.5117755905795	10704.006	183.76	730339.41
2.85262771789783	36.1371310902951	12464.08	241.551	929490.31
3.9102468718025	42.3815060947951	13541.292	321.226	1207748.71
6.51491478806817	57.4383140493488	16745.198	522.622	1697466.63
9.5390223687821	64.7369482104414	18232.394	743.819	2059542.63
16.4165968667225	83.2862933709653	23109.752	1258.916	2341496.16
24.7757201794239	90.7336074131141	24993.234	1859.945	2709945.25
33.1036135171092	93.5759851392119	25953.756	2850.238	3082847.59
38.6243391005287	92.0090863927309	25847.928	2794.947	3323205.44
50.5546595562724	99.1516606786715	28378.962	4451.758	3835864.17
56.6560646751483	99.2188006249595	28322.145	4956.015	4080234.85
66.6650766679387	99.996580002736	30461.582	6586.15	4533234.16
72.8619817104146	99.998920000864	29928.736	7541.799	4799790.56
78.6601270718983	100.0	30688.28	8464.988	5051800.95
