0.00060999951200039	0.010979991216007	4.82	0.858	261.69
0.00184999852000118	0.0332999733600213	11.239	0.98	695.82
0.00242999805600156	0.043739965008028	14.812	1.043	1121.9
0.00309999752000198	0.0557999553600357	20.305	1.099	1142
0.00456999634400292	0.0822599341920526	27.49	1.197	1857.48
0.00500999599200321	0.0899999280000576	28.696	1.264	1941.9
0.00881999294400564	0.158399873280101	52.952	1.55	3706.51
0.0131899894480084	0.236519810784151	90.263	1.962	5410.85
0.0241099807120154	0.433079653536277	162.209	2.925	9619.47
0.0376399698880241	0.674819460144432	267.694	4.045	15186.78
0.0525899579280337	0.940319247744602	331.21	5.318	21582.25
0.0825999339200529	1.47311882150494	505.391	8.693	31784.66
0.0892799285760571	1.58669873064102	527.905	8.811	37573.35
0.189489848408121	3.33755732995414	1234.056	17.387	75241.94
0.28067977545618	4.87565609947512	1671.293	25.121	111981.06
0.32742973805621	5.60285551771559	2030.496	28.76	131011.25
0.373929700856239	6.29441496446803	2230.847	33	143930.37
0.581889534488372	9.44981244015005	3344.303	51.578	209127.44
1.43320885343292	22.0098423921261	7472.029	123.279	514588.13
1.7132886293691	24.1981006415195	8203.449	148.616	626389.78
3.2810573751541	41.9054064756748	14236.701	292.53	1017762.14
4.50927639257889	48.9502408398073	15903.745	391.889	1326914.72
6.52282478174017	57.4914140068688	16981.17	561.959	1698053.98
8.06300354959716	55.8861752910598	15736.469	681.839	1925117.34
12.6223799020961	64.7830281735775	17778.258	1058.598	2193441.2
19.1512546789963	72.0498023601581	19902.401	1561.679	2481110.11
34.350822519342	96.941802446558	26655.241	3418.626	3126590.03
37.9760996191203	90.9596872322502	26390.982	3204.031	3293019.04
51.7314186148651	99.7899401680479	28894.745	5708.642	3883728.65
57.854313716549	99.6333402933278	29499.164	6135.982	4157463.65
66.5515267587786	99.99460000432	30498.393	7121.584	4525095.24
72.8471317222946	99.998740001008	30757.436	8401.919	4799576.47
78.6679370656503	100.0	31165.131	8935.636	5051637.3
