0.000459999632000294	0.0082799933760053	4.079	0.999	213.46
0.001559998752001	0.028079977536018	9.918	1.162	651.6
0.0018699985040012	0.0336599730720215	12.505	1.135	812.39
0.00254999796000163	0.0458999632800294	16.056	1.228	828.47
0.00532999573600341	0.0959399232480614	31.062	1.443	2183.08
0.0076599938720049	0.137879889696088	44.505	1.65	3031.21
0.00959999232000614	0.17243986204811	55.876	1.841	4068.28
0.0157299874160101	0.282239774208181	100.636	2.318	5760.57
0.0167799865760107	0.300959759232193	94.6	2.472	6158.51
0.0266499786800171	0.477179618256305	177.911	3.464	9908.89
0.0551599558720353	0.985499211600631	407.93	5.888	22739.96
0.0650199479840416	1.15757907393674	421.584	6.682	26607.04
0.105319915744067	1.8682185054252	625.126	10.17	43655.59
0.180959855232116	3.18743745005004	1112.549	16.578	71454.84
0.252319798144162	4.39649648280281	1598.88	22.754	99686.08
0.342909725672219	5.87735529811576	2065.717	32.203	133025.66
0.425529659576272	7.13447429242057	2638.886	37.177	174510.92
0.783279373376501	12.6028699177041	4583.504	69.139	300786.9
1.02058918352865	15.663947468842	5667.46	91.569	360973.76
1.59229872616102	22.6245419003665	7706.527	138.43	563883.51
2.1811682550654	27.9852976117619	9577.059	188.723	768637.29
3.70351703718637	40.3390477287618	12757.715	309.116	1153060.87
4.8496261202991	44.0619847504122	13613.659	385.171	1361223.8
11.0224611820311	75.8531993174405	22307.411	861.144	2110740.49
12.516709986632	64.3526485178812	18246.558	935.012	2188455.84
20.0653839476928	74.5694403444477	20559.006	1487.767	2519217.17
34.8078921536863	98.2487814009749	27853.256	3320.439	3139320.32
41.0262371790103	95.8175233459813	26958.254	3501.146	3429374.97
51.8540185167852	99.8507801193759	29816.134	4934.122	3880449.63
57.2580341935726	99.4547804361757	29586.739	5339.46	4128879.32
64.9611780310576	99.9058600753119	29161.198	6142.045	4443648
73.0653715477028	99.999820000144	30173.021	7746.952	4811049.09
78.6698170641463	100.0	30824.726	8598.663	5051595.6
