0.000929999256000595	0.0167399866080107	6.777	1.051	346.11
0.00178999856800115	0.0322199742240206	14.14	1.224	699.84
0.00197999841600127	0.0356399714880228	13.613	1.306	752.09
0.00231999814400148	0.0417599665920267	18.463	1.419	1025.43
0.00382999693600245	0.068759944992044	23.725	1.731	1620.32
0.00744999404000477	0.134099892720086	53.584	2.419	3272.39
0.00998999200800639	0.179819856144115	56.912	2.751	3766.81
0.0151999878400097	0.272879781696175	87.007	3.551	7079.02
0.0245099803920157	0.439559648352281	169.854	4.557	10158.11
0.035959971232023	0.643139485488412	255.819	5.888	14262.25
0.0556099555120356	0.995219203824637	390.089	7.678	21353.13
0.0766999386400491	1.36907890473688	483.782	9.498	30124.44
0.0830099335920531	1.47563881948894	485.712	10.093	35720.16
0.121439902848078	2.13911828870537	762.927	13.513	48190.16
0.282859773712181	4.92875605699515	1722.444	27.823	111747.88
0.380429695656243	6.51311478950817	2207.734	39.467	147887.01
0.636789490568408	10.6550914759268	3876.364	62.394	243887.79
0.956419234864612	15.4535276371779	5462.924	98.393	356057.38
0.995699203440637	15.2940477647618	5379.587	94.222	388876.14
2.14712828229737	30.5486755610596	11224.494	202.524	730653.6
3.15145747883402	40.0854279316577	13426.914	294.465	986835.55
4.61673630661095	50.2712597829922	15806.377	421.506	1302039.91
6.20438503649197	54.637696289843	16382.992	561.622	1635423.68
7.32726413818869	51.8808184953452	15323.789	643.524	1799293.05
16.6164967068026	84.6760722591422	24683.622	1497.021	2350138
25.2577397938082	92.9866656106675	26180.708	2218.386	2730525.06
32.0000343999725	90.7503473997221	27393.254	2795.945	3033284.78
43.0584855532116	98.7882409694072	28260.144	3815.474	3501853.09
51.7512885989691	99.7978601617119	28626.533	4551.41	3884256.94
59.5995923203261	99.972280022176	29913.373	5166.54	4220016.57
66.4868768104986	99.992260006192	30819.857	5837.389	4524214.78
73.0775515379588	99.999820000144	32472.95	6401.798	4811157.9
78.6757070594344	100.0	31821.871	6856.876	5051104.94
