0.000629999496000403	0.0113399909280073	6.865	1.031	245.62
0.00099999920000064	0.0179999856000115	8.89	1.045	446.6
0.00160999871200103	0.0289799768160185	12.896	1.099	663.66
0.00243999804800156	0.0439199648640281	20.085	1.181	1025.43
0.0053099957520034	0.0955799235360612	41.384	1.409	2187.1
0.00564999548000362	0.101699918640065	44.503	1.481	2424.26
0.00925999259200593	0.166319866944106	81.31	1.751	3706.51
0.0165699867440106	0.29753976196819	151.031	2.287	6902.15
0.0251199799040161	0.450179639856288	202.416	2.97	9518.98
0.0254499796400163	0.457919633664293	235.132	3.027	10704.78
0.0572699541840367	1.02491918006466	513.945	5.444	22776.14
0.0695899443280445	1.24019900784079	626.227	6.823	29199.87
0.111709910632071	1.97837841729727	980.087	10.112	45002.3
0.121529902776078	2.14307828553737	996.55	10.536	48190.16
0.166009867192106	2.89259768592185	1402.081	14.137	68190.39
0.285379771696183	4.90283607773114	2511.259	22.966	117863.32
0.512799589760328	8.54837316130147	4526.445	41.394	196632.5
0.747229402216478	12.0538703569037	5833.02	59.282	304165.9
1.22959901632079	18.780464975628	9180.998	97.469	454221.25
1.95495843603325	27.6582378734097	13443.339	156.07	714130.8
3.19583744333005	40.640547487562	19380.031	253.775	1011365.96
4.01496678802657	43.4787852169718	19373.195	311.075	1218818.22
5.60817551345959	49.7649201880638	23206.393	425.663	1528995.91
10.8239313408549	74.1950406439675	30340.974	808.86	2098106.59
16.8772464982028	86.5451907638474	35982.316	1256.662	2363648.36
20.9628632297094	77.1716982626414	31883.615	1524.105	2560083.06
34.8222821421743	98.3035013571989	40442.061	5340.566	3138259.59
41.5793167365466	96.6761226591019	41029.446	5084.947	3452286.16
51.7759785792171	99.8117201506239	43034.842	8402.085	3868008.54
57.757943793645	99.5834803332157	42462.233	8720.346	4129030.23
66.6619866704107	99.995320003744	44887.077	12539.54	4528873.09
73.0063415949267	99.999820000144	45875.965	16020.358	4802574.53
78.6608670713063	100.0	46185.327	17869.885	5051775.81
