0.000719999424000461	0.0129599896320083	6.7	1.037	330.03
0.000899999280000576	0.0161999870400104	8.981	1.067	446.6
0.00227999817600146	0.0410399671680263	18.002	1.34	860.63
0.00310999751200199	0.0559799552160358	28.702	1.538	1294.75
0.00501999598400321	0.0903599277120578	88.162	2.058	2022.29
0.00788999368800505	0.141839886528091	67.19	2.472	3103.56
0.0102799917760066	0.184679852256118	108.701	2.93	4048.18
0.0169099864720108	0.304019756784195	161.527	3.734	6962.45
0.025029979976016	0.449459640432288	204.749	4.691	10138.01
0.0321799742560206	0.577259538192369	274.985	5.27	13032.21
0.0482099614320309	0.861299310960551	461.929	6.528	19516.08
0.0855799315360548	1.52189878248097	704.674	9.952	33838.81
0.101759918592065	1.80521855582516	1099.802	11.168	40411.46
0.162929869656104	2.86505770795383	1422.926	16.403	64921.96
0.192919845664123	3.36419730864215	1571.012	18.366	81252.35
0.251879798496161	4.33097653521877	2238.263	23.509	96501.84
0.394859684112253	6.62543469965224	3396.442	34.501	147038.58
0.830949335240532	13.4004492796406	6873.84	71.326	312891.06
1.05986915210468	16.2638869888904	8066.836	88.964	395567.41
1.59506872394502	22.6708018633585	11776.757	134.189	567510.71
2.09966832026534	27.0428183657453	13270.401	176.641	729259.88
3.60383711693031	39.3499485200412	18290.535	291.903	1109266.39
6.54840476127619	57.7284738172209	29184.372	517.173	1700099.68
8.97420282063774	61.1722310622151	25586.637	699.647	2035704.8
16.4859968112026	83.7524929980056	34606.955	1264.013	2343341.09
22.8647817081746	83.2133934292853	35246.789	1739.949	2637702.06
34.43171245463	97.1713022629582	45599.502	2624.14	3127198.09
42.8239257408594	98.468201225439	42619.217	3222.842	3499651.7
50.4409796472163	99.0764207388634	42616.992	3798.411	3831289.59
57.0952043238365	99.3818804944956	42659.706	4263.414	4099548.4
66.6674866660107	99.995860003312	44315.893	4934.278	4529426.73
73.0775915379268	99.999820000144	44407.751	5398.839	4811141.26
78.6495970803223	100.0	44619.621	5763.849	5050375.25
