0.000769999384000493	0.0138599889120089	7.442	1.048	330.03
0.00152999877600098	0.0275399779680176	13.25	1.201	651.6
0.0020299983760013	0.0365399707680234	18.857	1.346	772.19
0.00332999733600213	0.0599399520480384	27.534	1.586	1162.1
0.00388999688800249	0.0700199439840448	33.39	1.693	1620.32
0.00681999454400437	0.122579901936078	54.303	2.245	2906.62
0.00706999434400452	0.127259898192081	64.6	2.383	2677.5
0.0164599868320105	0.295739763408189	167.901	3.705	6886.07
0.0256399794880164	0.459899632080294	222.98	4.508	10158.11
0.0320199743840205	0.573479541216367	299.231	5.606	13096.53
0.0549799560160352	0.983159213472629	463.964	7.092	21353.13
0.0613899508880393	1.0925991259207	531.541	7.64	22112.87
0.0864299308560553	1.53359877312098	755.014	9.901	37573.35
0.173849860920111	3.06161755070596	1603.178	17.966	69794.48
0.209869832104134	3.65525707579434	2253.049	19.679	88915.22
0.373959700832239	6.27947497642002	3277.037	32.904	149302.4
0.382249694200245	6.54119476704419	3203.003	34.971	147887.01
0.724679420256464	11.6740706607435	5756.381	63.941	285022.74
1.14157908673673	17.4365860507312	8810.037	99.172	439102.09
1.49033880772895	21.2138830288936	10587.347	126.014	548115.05
2.98325761339391	37.8366897306482	17900.194	247.556	992009.15
4.01466678826657	43.4768052185558	19403.639	323.817	1218850.54
6.81016455186836	60.0906119275105	27304.98	549.336	1723144.1
11.1038211169431	76.6588786728971	32387.15	873.277	2113516.24
12.8751496998802	65.7883273693381	27905.75	981.554	2209069.04
20.0788039369568	74.6070603143517	31371.636	1494.3	2519963.36
33.0734835412132	93.5012851989718	38994.605	2486.552	3081396.79
42.6489758808193	98.2203414237269	41803.446	3195.123	3490934.22
47.3551221159023	96.4934228052618	44362.481	3578.812	3704397.43
59.1845426523659	99.9132400694079	43833.633	4418.69	4214481.64
66.3591469126825	99.98830000936	44026.486	4958.698	4521212.5
73.0750915399268	99.999820000144	44002.755	5488.424	4811103.46
78.6551070759143	100.0	45298.668	5758.043	5050568.21
