0.000559999552000358	0.0100799919360065	6.268	1.135	237.58
0.00151999878400097	0.0273599781120175	13.111	1.336	639.54
0.00300999759200193	0.0541799566560347	23.438	1.669	1093.77
0.00323999740800207	0.0583199533440373	25.931	1.735	1238.47
0.00328999736800211	0.0592199526240379	26.89	1.806	1302.79
0.00610999511200391	0.10979991216007	48.394	2.179	2134.84
0.00929999256000595	0.167039866368107	91.068	3.049	4068.28
0.0164699868240105	0.295919763264189	150.945	3.823	6158.51
0.0237999809600152	0.426599658720273	226.561	4.577	9068.76
0.0270999783200173	0.48437961249631	254.985	4.995	9908.89
0.0361899710480232	0.647099482320414	316.751	5.783	14503.43
0.0703999436800451	1.2526189979048	603.313	8.814	30273.18
0.117359906112075	2.08043833564933	996.353	12.562	50003.23
0.178959856832115	3.11543750764999	3271.575	17.814	71784.5
0.182479854016117	3.20723743421005	1600.026	18.323	70715.12
0.350519719584224	5.99363520509184	3039.83	31.797	143459.93
0.602519517984386	10.0825119339905	5236.783	53.804	229955.95
0.882409294072565	14.2189086248731	7124.774	78.777	350698.52
1.2430990055208	19.0088847928922	9473.927	107.005	450897.14
1.98949840840127	28.189417448466	14505.78	169.919	708761.73
2.98825760939391	33.4598132321494	15246.663	240.403	948752.92
3.07179754256197	39.071848742521	18943.867	258.318	951534.81
6.33650493079606	55.7882553693957	25257.786	512.964	1677015.5
11.2703509837192	78.3553773156981	32188.194	892.01	2120501.93
16.9241164607068	86.9246304602956	35894.225	1323.891	2364734.29
25.4888096089523	94.1694446644443	39913.359	2017.496	2742966.09
34.0378527697178	96.0895031283975	40204.414	2614.873	3115876.67
43.5501651598679	99.4011404790876	41673.662	3290.542	3523770.41
51.519758784193	99.6936402450878	46943.974	3950.146	3874457.73
58.4831332134934	99.7766201787039	45239.498	4385.18	4157891.38
66.6296966962426	99.996040003168	43723.248	4998.611	4528520.97
72.9790316167747	99.999460000432	45290.26	5453.265	4807245.96
78.6583470733223	100.0	44610.472	5829.311	5050660.35
