0.000569999544000365	0.0102599917920066	4.913	0.864	277.77
0.00114999908000074	0.0206999834400132	11.455	0.919	543.07
0.00151999878400097	0.0271799782560174	10.138	0.964	663.66
0.00357999713600229	0.0644399484480412	21.15	1.13	1455.54
0.00519999584000333	0.0932399254080597	32.702	1.24	2022.29
0.00693999444800444	0.12491990006408	53.851	1.434	2906.62
0.00801999358400513	0.144179884656092	45.895	1.474	3324.64
0.0141499886800091	0.253979796816163	79.511	1.931	5941.43
0.0151499878800097	0.271979782416174	98.77	2.049	5760.57
0.0352099718320225	0.629639496288403	200.542	3.732	12927.7
0.036009971192023	0.644039484768412	209.383	3.787	14073.31
0.0831799334560532	1.48319881344095	521.854	8.554	33838.81
0.106489914808068	1.88765848987321	696.976	10.66	45259.56
0.151129879096097	2.6575178739857	948.924	13.865	65653.64
0.244249804600156	4.24925660059472	1571.071	21.654	96220.4
0.301289758968193	5.1605958715233	1930.668	26.666	109307.34
0.540659567472346	8.79497296402163	3013.392	47.477	222045.09
0.552109558312353	9.23399261280591	3192.488	49.581	210820.54
1.1012191190247	16.8091065527148	6041.739	94.839	419086.46
1.59816872146502	22.7197618241905	7970.609	138.045	572196.79
2.00334839732128	25.8828992936806	8926.741	173.599	669026.55
3.52164718268225	38.5588491529207	12018.654	304.675	1089428.32
7.05470435623652	62.552289958168	18538.624	612.59	1738157.14
11.2049510360392	77.6830778535377	21231.557	981.498	2117839.29
14.116118707105	71.0601631518695	21304.437	1191.553	2261273.31
20.9114832708134	77.0161783870573	21616.791	1737.473	2558091.51
34.7385622091502	98.0540215567828	28671.775	3579.171	3139454.69
41.1170271063783	95.9651232279014	28041.544	3863.221	3433920.23
51.1370790903367	99.4978004017597	29278.477	5401.019	3860037.45
59.370752503398	99.9415000468	29250.816	6333.815	4205583.98
65.9361272510982	99.970480023616	30079.94	6975.181	4503039.39
72.8198317441346	99.998560001152	30942.338	8169.282	4798167.61
78.6547170762263	100.0	31834.556	9365.549	5050564.01
