0.000649999480000416	0.0116999906400075	3.043	1.033	342.09
0.00145999883200093	0.0260999791200167	4.339	1.11	695.82
0.00198999840800127	0.0358199713440229	5.43	1.119	872.68
0.00336999730400216	0.0606599514720388	9.144	1.241	1439.46
0.0039099968720025	0.070379943696045	8.775	1.307	1901.7
0.00739999408000474	0.133019893584085	15.229	1.541	3103.56
0.0112099910320072	0.201779838576129	24.182	1.807	4365.76
0.0134599892320086	0.242099806320155	29.96	2.039	5495.27
0.020349983720013	0.365579707536234	48.8	2.48	8091.97
0.0316899746480203	0.568439545248364	82.586	3.24	13096.53
0.0544999564000349	0.976319218944625	130.57	5.132	21353.13
0.0662399470080424	1.17863905708875	126.028	6.415	29493.31
0.0935599251520599	1.65941867246506	179.871	8.882	40117.98
0.144799884160093	2.54915796067363	305.89	12.311	59277.64
0.275259779792176	4.78997616801907	609.679	23.274	105085.7
0.298159761472191	5.11073591141127	533.558	23.735	123854.21
0.476829618536305	7.9711136231091	841.253	39.412	195241.07
0.666449466840426	10.7697513841989	1389.383	53.217	269311.54
1.0949391240487	16.7344066124747	1949.029	88.749	413899.66
2.13153829476936	30.2457358034114	3538.593	171.28	729392.78
2.55491795606564	32.2908941672847	4363.525	200.695	865440.95
3.72280702175438	40.5300275759779	4089.431	292.126	1160587.63
5.06633594693124	45.6665034667972	4303.629	384.428	1425503.14
10.8371113303109	74.3217605425916	6839.443	825.849	2099020.73
13.4703292237366	68.2451454038837	5740.158	994.714	2234689.01
23.1017715185828	84.0601127519098	7714.644	1689.36	2645731.82
32.3964940828047	91.7596065923147	8934.381	2376.296	3050124.42
38.6526090779127	92.0524663580269	9070.803	2810.848	3324555.45
51.535628771497	99.6920202463838	11648.011	5996.679	3859525.93
57.5577939537648	99.5253403797277	12416.975	6795.996	4120861.88
66.6551066759147	99.996220003024	12769.158	9863.69	4531397.42
72.5894019284785	99.997120002304	13483.511	10074.039	4785839.93
78.6649770680183	100.0	13729.926	11748.532	5050991.68
