0.000599999520000384	0.0107999913600069	5.96	1.036	213.46
0.00122999901600079	0.0221399822880142	7.989	1.122	631.5
0.00181999854400116	0.032759973792021	14.657	1.253	699.84
0.00331999734400212	0.0597599521920382	23.336	1.586	1294.75
0.00471999622400302	0.0849599320320544	28.334	1.823	1873.56
0.00552999557600354	0.0993599205120636	35.446	2.089	2303.67
0.00747999401600479	0.134279892576086	46.835	2.396	3007.09
0.0157999873600101	0.283499773200181	104.561	3.641	7079.02
0.023479981216015	0.42155966275227	154.198	4.733	9024.54
0.0285199771840183	0.510659591472327	166.604	4.926	12031.29
0.0386399690880247	0.691019447184442	228.624	6.562	16871.06
0.0705799435360452	1.2544189964648	438.939	9.001	30687.21
0.0790199367840506	1.4083188733449	505.312	9.872	32122.31
0.151799878560097	2.67173786260971	933.493	17.882	60202.26
0.212099830320136	3.69359704512236	1388.895	21.703	88915.22
0.329399736480211	5.63849548920361	2075.431	33.745	131011.25
0.60972951221639	10.2113918308865	3613.611	58.978	219278.14
0.786639370688503	12.6509298792561	4376.673	73.325	304230.26
0.998139201488639	15.3174477460418	5944.177	96.49	386043.53
1.26258898992881	18.1915054467956	6498.897	117.931	458587.67
2.32979813616149	29.691696246643	9956.735	214.749	771674.93
4.87661609870712	53.3728373017302	17488.688	439.38	1372113.63
7.45441403646877	66.7570865943307	19969.222	686.113	1805780.88
9.19264264588588	62.488750009	18014.044	818.962	2047986.2
15.7082674333861	78.9810568151545	21603.916	1395.3	2317674.97
25.3985496811603	93.691545046764	31540.529	2259.783	2739192.32
34.6643222685422	97.8319017344786	27195.383	3032.277	3132577.93
40.5213475829219	95.0249839800128	27795.52	3552.803	3409336.23
51.8708285033372	99.8551001159199	29267.551	4556.009	3885510.79
56.5856247315002	99.2319406144475	29544.743	4858.391	4097707.56
66.2929369656504	99.983080013536	30162.329	5754.725	4508679.18
72.8783416973266	99.99910000072	31104.12	6365.156	4801811.44
78.6517570785943	100.0	31683.101	6856.07	5051813.47
