0.000849999320000544	0.0152999877600098	3.346	1.063	297.87
0.00148999880800095	0.0268199785440172	4.478	1.127	639.54
0.00252999797600162	0.045359963712029	6.807	1.178	1025.43
0.00272999781600175	0.0491399606880314	6.652	1.252	1093.77
0.00337999729600216	0.0608399513280389	8.02	1.219	1539.93
0.00532999573600341	0.0959399232480614	11.305	1.389	2303.67
0.00969999224000621	0.174599860320112	19.741	1.688	4196.91
0.0127599897920082	0.228419817264146	26.041	1.874	4494.37
0.0225399819680144	0.404639676288259	49.857	2.655	9016.5
0.0277899777680178	0.498599601120319	56.024	3.146	12031.29
0.0363399709280233	0.649799480160416	67.778	3.803	14503.43
0.0700599439520448	1.2502789997768	133.254	6.173	29199.87
0.12508989992808	2.22011822390542	254.473	10.668	50666.54
0.161209871032103	2.8123177501458	360.65	13.393	68190.39
0.178379857296114	3.13739749008201	338.439	14.676	69794.48
0.42239966208027	7.24013420789263	802.262	34.485	165567.73
0.579249536600371	9.6803922556862	1121.146	48.225	249450.24
0.735779411376471	11.8457905233676	1332.762	61.583	284926.21
1.43974884820092	22.0831023335181	2536.52	116.475	516186.1
2.11229831016135	29.9775360179712	3662.039	169.12	720764.76
3.03733757012994	38.5158291873366	4469.973	244.366	966138.28
3.32548733961013	36.6576906738475	3745.72	256.242	1039529.23
5.89243528605177	51.9677584257933	4832.916	452.025	1596752.34
8.50958319233345	58.3897932881654	5155.204	637.13	1982474.23
16.2558269953384	82.2350942119246	6989.669	1218.461	2335935.93
22.5331019735184	82.1040543167565	7479.825	1656.012	2624581.79
30.7264154188677	87.7133898292881	7911.902	2199.467	2980459.93
40.0037379970096	94.2011246391003	9869.259	4421.27	3389783.68
51.8279485376412	99.8387201290239	11771.151	6077.976	3873786.77
58.5836831330535	99.8030801575359	11913.055	8877.611	4189348.14
66.6534266772587	99.995140003888	12757.114	7881.786	4528369.98
72.9483516413187	99.999820000144	12993.68	8737.818	4801144.73
78.6655370675703	100.0	13279.043	9597.041	5051020.92
