0.000769999384000493	0.0138599889120089	3.229	1.274	277.77
0.00102999917600066	0.0185399851680119	3.693	1.284	543.07
0.00184999852000118	0.0332999733600213	5.412	1.467	953.08
0.00354999716000227	0.0638999488800409	9.391	1.799	1367.1
0.00479999616000307	0.0863999308800553	44.726	2.048	1873.56
0.00728999416800467	0.131219895024084	15.209	2.458	3031.21
0.00735999411200471	0.132299894160085	15.831	2.409	3324.64
0.0167399866080107	0.301319758944193	40.919	3.62	6468.03
0.021889982488014	0.393479685216252	42.049	4.065	9012.48
0.0353799716960226	0.634679492256406	81.976	5.535	14073.31
0.0553599557120354	0.992159206272635	106.595	7.339	22643.49
0.0760999391200487	1.35557891553687	164.835	9.743	30124.44
0.117839905728075	2.08889832888134	233.956	13.331	46883.67
0.165259867792106	2.90627767497786	343.52	16.236	67016.49
0.256989794408164	4.47551641958686	488.603	24.114	114783.45
0.407579673936261	6.97697441842047	743.807	36.849	157400.82
0.470769623384301	7.87319370144504	906.103	42.584	195241.07
0.82790933767253	13.3590493127606	2237.492	72.136	309632.66
1.05023915980867	16.0954071236743	1766.488	90.05	375852.05
1.93445845243324	27.3552981157615	3153.528	166.418	693327.7
3.06233755012996	38.8985088811929	4270.813	259.877	950486.56
4.17900665679467	45.251963798429	4672.465	343.443	1246466.83
6.0891751286599	53.6323970940823	5130.331	487.038	1623642.46
8.66273306981354	59.302932557654	5329.017	670.735	1998162.65
14.4449484440412	72.5397619681904	6348.643	1112.327	2272946.95
25.1503798796961	92.4617860305712	8684.539	1944.428	2724717.55
31.7707845833723	90.1988278409377	8388.913	2402.305	3025590.63
40.4509776392179	94.9056440754847	9292.131	3079.377	3407013.26
51.4519188384649	99.6652002678398	11322.407	3923.914	3871312.78
58.7607229914216	99.8371001303199	11664.915	4425.926	4196019.38
66.3574169140665	99.985780011376	13287.219	5021.749	4511878.6
72.6454618836305	99.998560001152	12445.015	5438.196	4791999.6
78.6743370605303	100.0	14096.044	5827.917	5051536.89
