0.000529999576000339	0.00953999236800611	2.622	1.02	261.69
0.00176999858400113	0.0318599745120204	4.892	1.292	752.09
0.00208999832800134	0.0376199699040241	5.58	1.378	715.92
0.00253999796800163	0.0457199634240293	7.535	1.391	1081.71
0.00558999552800358	0.100439919648064	12.18	1.97	2050.43
0.00830999335200532	0.149579880336096	20.079	2.334	3272.39
0.0105799915360068	0.189899848080122	21.296	2.664	4365.76
0.0160499871600103	0.288539769168185	36.174	3.581	6902.15
0.0228899816880146	0.410579671536263	45.334	3.993	10419.39
0.0258899792880166	0.464219628624297	68.656	4.793	11259.52
0.051629958696033	0.92195926243259	109.834	6.916	22482.7
0.0644999484000413	1.15001907998474	121.458	7.835	26607.04
0.12498990000808	2.21561822750542	302.876	13.522	50666.54
0.169249864600108	2.97773761780991	800.352	17.228	67056.68
0.21903982476814	3.80627695497844	549.242	20.757	88199.58
0.305689755448196	5.22773581781135	688.378	28.382	109307.34
0.611949510440392	10.2410918071266	1246.678	53.823	232055.33
0.79716936226451	12.8158097473522	1608.639	68.564	314327.18
1.30574895540084	18.72952501638	2248.602	110.245	452812.7
1.41687886649691	21.6966426426859	2477.636	122.581	514068.89
2.85119771904182	36.1074311140551	3961.577	238.591	926527.29
3.46733722613022	38.0420695663443	4274.006	281.067	1078511.62
6.85775451379639	60.5764315388548	5900.631	548.484	1732317.82
7.97743361805311	55.4140356687715	5216.346	628.212	1911788.76
17.0049163960669	87.564169948664	8921.095	1346.725	2368244.07
24.2870805703355	88.6340890927287	8367.987	1851.005	2689306.59
33.3439733248213	94.2092246326203	9971.133	2493.592	3093024.07
43.4231252614998	99.2737005810395	11373.088	3278.742	3516122.42
51.0997791201767	99.4513604389116	11705.67	3859.817	3842338.45
57.6461438830849	99.5534203572637	12238.864	4342.488	4124333.8
66.3636969090425	99.985960011232	13296.88	4895.688	4512163.73
72.7044718364225	99.998920000864	12944.289	5382.29	4793970.45
78.6757270594183	100.0	13494.968	5758.699	5051071.36
