0.00063999948800041	0.0115199907840074	3.093	0.928	261.69
0.00165999867200106	0.0298799760960191	4.928	0.959	627.48
0.00250999799200161	0.0451799638560289	6.195	1.06	973.18
0.00331999734400212	0.0597599521920382	7.656	1.106	1347.01
0.00517999585600331	0.0930599255520596	13.949	1.241	2158.96
0.00588999528800377	0.105839915328068	13.121	1.307	2134.84
0.0101299918960065	0.182159854272117	24.433	1.491	4848.1
0.0135899891280087	0.244079804736156	27.583	1.777	6158.51
0.0237499810000152	0.426419658864273	50.89	2.671	9398.37
0.0240999807200154	0.431999654400276	47.66	2.591	8626.61
0.0529799576160339	0.947159242272606	130.94	4.689	23363.05
0.0776399378880497	1.38401889278489	152.132	6.611	33460.96
0.079699936240051	1.4117388706089	165.244	6.521	32319.3
0.157169874264101	2.75651779478576	344.194	13.018	65010.41
0.273129781496175	4.76279618976305	11901.989	23.064	102094.39
0.404659676272259	6.77753457797234	818.69	32.219	158349.8
0.423499661200271	7.25849419320465	814.772	34.265	165571.75
0.618149505480396	10.0249119800704	1187.931	49.918	241329.84
0.823619341104527	12.7564097948722	1541.259	63.907	325080.08
1.92982845613724	27.2895981683215	3008.419	151.01	687507.97
3.03816756946594	38.5266291786967	4319.614	240.912	965589.88
4.00036679970656	43.3121053503157	4689.958	309.906	1219379.38
7.08288433369253	62.8091497526802	6096.868	537.065	1742651.37
8.01850358519713	55.6379554896356	5227.051	580.255	1918154.41
15.3630577095538	77.0899783280173	7063.946	1136.08	2308307.67
24.3441605246716	88.8675489059609	8310.171	1765.999	2691847.74
33.3454233236613	94.2117446306043	9237.393	3929.749	3093078.75
43.2667353866117	99.0757007394394	10722.54	6534.111	3508042.16
50.8253193397445	99.2861205711035	11894.061	6210.822	3829599.61
59.4835324131741	99.958420033264	12344.603	8763.738	4217496.5
65.2122978301617	99.926380058896	12526.323	9646.172	4474769.36
73.0758115393508	99.999820000144	14709.534	11060.988	4811136.92
78.6527370778103	100.0	13338.766	11997.45	5051817.77
