0.000940013160184243	0.0169199864640108	7.269	1.155	398.97
0.00211002954041357	0.0376199699040241	36.127	1.393	802.04
0.00390005460076441	0.0696599442720446	22.837	1.769	1449.58
0.00619008666121326	0.10979991216007	34.287	2.266	2251.94
0.00935013090183263	0.165779867376106	54.687	2.948	3806.84
0.0192502695037731	0.334079732736214	99.532	4.517	7045.47
0.0284203978855704	0.478979616816307	150.616	5.62	11025.46
0.0409805737280322	0.669059464752428	221.209	7.229	14992.72
0.0639908958725422	0.989279208576633	254.693	9.341	22531.54
0.09357130999834	1.35449891640087	427.205	12.122	30206.26
0.140551967727548	1.85993851204919	417.53	15.616	53299.4
0.210282943961215	2.40461807630554	456.734	19.505	73152.71
0.312974381641343	2.9759376192499	306.579	24.882	97344.04
0.475996663953295	3.60377711697831	372.057	33.166	135075.01
1.0698749782497	4.65047627961898	389.889	47.385	381587.68
1.59789237049319	5.23133581493135	431.478	57.337	460857.62
3.60181042534595	7.24967420026064	574.12	85.261	642891.58
5.3959355430976	9.04409276472579	668.872	111.656	720178.72
8.09717336042705	11.7583105933515	801.542	152.171	741021.36
12.1361999067987	15.7631273894981	1015.712	220.952	722861.94
18.198864784107	21.841542526766	1466.555	317.618	735482.77
27.3131423839934	30.9516952386438	1956.702	456.276	755733.77
37.311182356553	40.9510472391622	2485.763	592.32	778270.6
47.305922282912	50.9428392457286	3046.36	738.623	800984.87
57.3145324034536	60.962891229687	3653.963	898.317	822497.96
67.270311784365	70.4947836041731	3932.874	1022.876	845889.14
77.3138723942135	80.9542152366278	4669.421	1175.089	867329.47
96.9277469884578	99.1343806924954	5634.849	1422.397	910187.65
