0.0011000154002156	0.0196199843040126	10.254	0.964	406.9
0.00192002688037633	0.0341999726400219	11.187	1.016	762.63
0.00291004074057037	0.0518399585280332	17.687	1.148	1289.06
0.00418005852081929	0.0745199403840477	25.179	1.27	1719
0.00630008820123482	0.111419910864071	33.748	1.461	2158.75
0.00881012334172678	0.154979876016099	50.797	1.697	3399.58
0.0134901888626441	0.23489981208015	68.012	2.175	4889.2
0.0159902238631341	0.267299786160171	75.088	2.457	2325.65
0.0184502583036163	0.320939743248205	93.513	2.621	7865.17
0.0412105769480773	0.668699465040428	203.432	5.137	15750.28
0.0631808845323834	0.975599219520624	290.617	7.038	22929.55
0.0951513321186497	1.38077889537688	308.819	10.064	30561.36
0.14117197640767	1.8718185025452	470.561	13.042	50549.32
0.213642991001874	2.43035805571356	669.482	17.853	68976.83
0.318994465922523	3.04991756006595	348.937	23.336	109209.34
0.47086659213229	3.5989171208663	400.411	28.046	144177.64
0.710889952459334	4.12541669966664	395.068	34.158	283518.51
1.01282417953851	4.02263678189057	267.38	37.82	336816.95
1.60011240157362	5.22557581953934	435.461	54.56	471264.38
2.40207362903081	6.04475516419587	480.898	65.442	574459.59
3.59615034610485	7.21871422502862	577.791	82.326	664244.46
5.3944055216773	9.04337276530179	609.559	108.796	718805.73
8.09279329910619	11.7410306071755	822.535	150.16	741042.62
12.0502087029218	14.9459280432576	868.249	207.23	723886.74
18.2055548777683	21.84766252187	1379.368	312.056	735711.3
27.3103023442328	30.9331552534758	1841.345	441.955	756481.34
37.3086123205725	40.9605872315302	2373.644	583.349	777905.14
47.3077323082523	50.9255592595526	2891.16	729.981	800548.88
57.3076223067123	60.945251243799	3464.257	868.018	823771.98
67.3132523855334	70.9519832384134	3969.246	1029.886	845712.06
77.3107123499729	80.9275752579398	4462.723	1150.761	867594.18
87.3058522819319	90.8597873121702	4974.94	2985.034	889794.77
97.2238911344759	99.9019000784799	5083.51	3153.302	911620.67
