0.0011000154002156	0.0197999841600127	7.243	1.102	387.07
0.00226003164044297	0.0401399678880257	14.626	1.251	861.11
0.00318004452062329	0.0572399542080366	20.682	1.315	1210.7
0.00380005320074481	0.0680399455680435	21.395	1.408	1726.8
0.00604008456118386	0.106739914608068	37.771	1.641	2422.58
0.00928012992181891	0.163439869248105	58.158	1.957	3829.86
0.0127101779424912	0.219959824032141	71.409	2.366	5490.36
0.019270269783777	0.331019735184212	102.8	3.001	7568.5
0.0282403953655351	0.475739619408304	144.328	3.952	11025.46
0.0423005922082909	0.682019454384436	196.624	5.378	16019.19
0.0536007504105058	0.821879342496526	204.835	6.654	20139.39
0.0956213386987418	1.37501889998488	361.313	10.141	31116.9
0.140791971087595	1.85453851636919	424.808	13.368	51097.79
0.211032954461362	2.42153806276955	374.908	18.355	70648.71
0.31612442574196	3.01679758656193	346.551	23.94	104315.18
0.471096595352335	3.5936971250423	432.253	29.106	142968.5
0.710309944339221	4.10885671291463	382.978	34.928	274333.76
1.07078499098987	4.64489628408297	370.31	43.794	364891.39
1.60398245575438	5.22773581781135	418.088	55.078	475599.28
2.39830357625007	6.04565516347587	443.327	66.697	579116.42
3.59268029752417	7.22915421667663	513.492	84.805	650085.1
5.39624554743766	9.03077277538178	673.296	115.629	716635.76
7.98057172800419	10.7771313782949	634.182	148.21	740925.98
12.0400685609599	14.8904880876095	932.186	219.674	723821.47
18.2077649087087	21.847302522158	3180.26	329.9	736845.24
26.9672475414656	29.2506965994427	1735.985	455.988	755434.39
37.3140323964535	40.9586072331142	2329.966	630.304	778398.57
47.3148524079337	50.9455392435686	3014.109	777.572	800508.53
57.3080923132924	60.961271230983	3478.312	936.279	822431.93
67.3107723508129	70.9422632461894	4058.312	1099.884	845137.05
77.3151224117138	80.9437752449798	5077.274	1241.392	867271.4
87.173440428166	89.8667281066175	5024.249	1405.672	888916.55
97.1671503401048	99.7078602337118	5267.094	3256.647	911475.43
