0.000850011900166602	0.0152999877600098	15.765	1.227	395
0.00171002394033516	0.0305999755200196	11.354	1.549	259.99
0.00192002688037633	0.0345599723520221	12.999	1.519	774.46
0.00384005376075265	0.0683999452800438	23.575	1.972	1449.58
0.0059300830211623	0.105119915904067	40.725	2.448	2236.41
0.00896012544175618	0.158579873136102	49.046	3.009	3480.35
0.012250171502401	0.213479829216137	72.574	3.747	5266.12
0.0179702515835222	0.308159753472197	118.268	4.345	7666.19
0.0277903890654469	0.469619624304301	132.616	5.756	10703.27
0.0422005908082713	0.688859448912441	243.303	7.76	17125.24
0.0623108723522129	0.975599219520624	250.272	9.326	25008.75
0.0950213302986242	1.36637890689687	367.218	12.588	31116.9
0.142251991527881	1.8712785029772	387.89	15.911	47274.97
0.21163296286148	2.43251805398556	450.945	20.846	71723.18
0.314344400821612	3.02777757777794	359.493	26.316	101200.54
0.474516643233005	3.62483710013032	386.357	33.95	140394.42
0.711879966319528	4.12649669880264	406.815	38.7	191041.01
1.06803495248933	4.63337629329897	413.115	46.812	371263.4
1.60043240605368	5.22881581694735	415.329	58.655	455964.71
2.39566353928955	6.06221515022788	432.578	69.417	556845.69
3.59443032202451	7.23977420818063	601.851	94.273	640180.03
5.38860544047617	9.04085276731779	705.467	122.718	711403.58
8.09085327194581	11.7260906191275	752.333	163.309	740326.87
12.1395899542594	15.8151473478821	1000.441	230.449	724335.65
18.2043548609681	21.846582522734	1434.638	340.928	736748.44
27.3123523729332	30.9498952400838	2038.843	487.221	756866.82
37.3115923622931	40.9645472283622	2485.67	642.988	778051.69
47.3182224551144	50.9570592343526	3062.407	790.469	801726.54
57.3087423223925	60.956771234583	3653.839	952.409	823293.12
67.316302428234	70.9644032284774	4286.511	1106.672	845791.36
77.311502361033	80.9506152395078	4615.81	1252.614	867173.67
87.3109123527729	90.9730072215942	5213.048	1403.496	889953.78
97.2238511339159	99.9098200721439	5555.813	1529.817	911620.26
