0.00104001456020384	0.018719985024012	7.79	1.079	410.86
0.00202002828039593	0.0361799710560232	11.954	1.25	758.69
0.00286004004056057	0.0505799595360324	17.554	1.322	1249.89
0.00396005544077617	0.0705599435520452	21.776	1.403	1418.21
0.00507007098099373	0.087479930016056	28.017	1.583	758.69
0.00590008260115642	0.104579916336067	34.175	1.645	2395.45
0.0128701801825226	0.223379821296143	64.95	2.306	5041.59
0.0199202788839044	0.34379972496022	112.21	3.165	7628.62
0.0284603984455782	0.477899617680306	139.398	3.887	10699.56
0.0429906018684262	0.70361943710445	214.232	5.707	15590.27
0.0626808775322854	0.975239219808624	248.144	7.142	24263.17
0.0941513181184537	1.36925890459288	329.003	10.211	36595.45
0.139571954007356	1.85687851449719	378.014	13.255	47974.68
0.211502961041455	2.42639805888155	400.478	18.717	70756.28
0.317634446882256	3.02507757993794	345.407	24.096	109560.75
0.476946677253482	3.5938771248983	333.776	28.835	125189.98
0.710809951339319	4.12199670240264	393.058	34.617	192383.57
1.06473490628869	4.63373629301097	399.258	42.298	386834.46
1.60069240969374	5.22899581680335	380.239	54.757	480850.85
2.39766356728994	6.04277516577987	500.444	68.411	567552.34
3.59656035184493	7.25147419882064	576.299	84.372	660792.43
5.39414551803725	9.03419277264578	584.777	112.633	715565.31
8.08963325486557	11.7316706146635	825.691	158.585	741090.95
12.1413899794597	15.8007473594021	1054.937	230.183	724294.99
18.2048348676881	21.837582529934	1414.581	331.322	735534.04
27.3044422621917	30.9396352482918	1894.677	472.82	755569.51
37.3044022616317	40.9694072244742	2365.473	627.971	777968.91
47.3145324034536	50.9415792467366	3022.125	778.913	800498.25
57.3115323614531	60.980891215287	3482.069	928.321	823760.64
67.1289498052973	69.6972042422366	4330.126	1076.752	845080.43
77.306092285292	80.9538552369158	4626.817	1234.45	866892.35
87.3089823257526	90.9242272606182	5070.436	3068.417	889995.44
97.2211010954153	99.8930800855359	6173.82	3270.199	911621.04
