0.000860012040168562	0.0154799876160099	7.542	1.061	438.61
0.00210002940041161	0.0376199699040241	16.215	1.182	853.24
0.00296004144058017	0.0525599579520336	22.56	1.265	1234.21
0.00407005698079773	0.0723599421120463	29.88	1.354	1512.12
0.00564007896110546	0.100799919360065	43.558	1.575	2236.41
0.00851011914166798	0.149399880480096	67.728	1.889	3580.3
0.0125701759824638	0.21905982475214	105.469	2.236	5444.77
0.0188102633436868	0.325979739216209	180.546	2.933	7342.91
0.0274403841653783	0.460439631648295	228.671	3.683	9569.95
0.0423105923482929	0.694799444160445	256.547	5.2	15032.81
0.0631108835523697	0.977219218224625	351.09	6.824	24333.91
0.0931713043982616	1.36367890905687	427.119	9.353	32388.54
0.13949195288734	1.84607852313718	468.377	12.426	47274.97
0.207812909380731	2.35961811230551	481.014	15.647	63036.46
0.316434430082021	3.02741757806594	771.473	21.404	105477.15
0.471796605152472	3.5873971300823	511.926	26.685	142466.84
0.712159970239583	4.11227671017863	440.349	32.712	183219.27
1.06527491384879	4.61735630611495	461.923	40.115	379021.79
1.55119171668403	4.66037627169898	401.28	46.492	441490.03
2.39658355216973	6.05735515411588	571.146	64.634	573455.26
3.59498032972462	7.14239428608457	3325.711	80.447	662494.7
5.38963545489637	8.98523281181375	747.059	109.071	723909.22
8.09557333802673	11.7376106099115	947.095	150.763	741041.69
12.1290898072573	15.7768073785541	1214.123	224.444	722854.65
18.2020748290476	21.851622518702	1524.099	321.551	735210.14
27.306352288932	30.9470152423878	2071.48	460.477	755934.96
37.3096423349927	40.9643672285062	2654.498	609.478	777986.92
47.316152426134	50.9698392241286	3043.481	761.496	800828.09
57.3096223347127	60.963431229255	3726.955	903.934	823302.11
67.3042222591116	70.9487432410054	4241.915	1067.924	844331.84
77.3121223697132	80.9443152445478	5900.441	1216.405	867201.11
87.3088723242125	90.9562672349862	5340.074	2262.494	889996.48
97.0821591502281	99.4846604122717	5587.866	2431.774	910805.49
