0.000870012180170522	0.01565998747201	3.322	1.285	410.86
0.00199002786039005	0.0358199713440229	5.34	1.508	731.09
0.00300004200058801	0.0536399570880343	10.812	1.732	1136.19
0.00437006118085653	0.0779399376480499	9.637	2.115	1449.58
0.00602008428117994	0.106559914752068	12.348	2.401	2554.28
0.00865012110169542	0.152819877744098	20.761	2.841	3411.12
0.0130801831225637	0.228239817408146	37.178	3.534	4988.27
0.0186102605436476	0.322379742096206	34.513	4.507	7305.28
0.0279103907454704	0.474119620704303	79.02	5.857	10517.88
0.0419405871682204	0.683279453376437	66.538	6.745	17020.29
0.0623508729122208	0.974159220672624	84.665	8.906	23830.88
0.0940813171384399	1.37213890228888	103.719	12.001	36472.31
0.141231977247681	1.86155851075319	128.627	14.613	42326.08
0.208972925620959	2.41541806766555	142.639	18.235	61324.31
0.315904422661917	3.02633757892994	133.451	25.023	110041.71
0.471066594932329	3.6008971192823	153.481	28.985	126536.39
0.709509933139064	4.12361670110664	141.03	36.068	192784.3
1.06452490334865	4.62635629891496	153.164	44.413	377554.87
1.59918238855344	5.23871580902735	163.405	55.286	477763.19
2.39775356854996	6.03935516851586	184.948	67.782	575061.17
3.59378031292438	7.24193420645264	240.033	86.755	640195.68
5.39705555877782	9.03221277422978	270.978	111.771	722818.65
8.09608334516683	11.7363506109195	358.15	155.427	740062.68
12.1189196648753	15.4938476049219	382.437	224.595	724208.78
18.076363069083	20.7896233683013	516.21	318.374	736790.03
27.3038722542116	30.9324352540518	893.827	469.716	755465.18
37.3035722500115	40.9346672522662	1220.173	616.541	778011.14
47.3074323040523	50.9575992339206	1570.556	789.525	800451.36
57.3074323040523	60.960731231415	1954.807	921.422	823036.94
67.3160524247339	70.9536032371174	2287.689	1059.333	845543.15
77.1003994055917	79.603136317491	2577.05	1235.349	866392.86
87.3103023442328	90.9283672573062	3013.856	1366.546	890017.19
97.2241411379759	99.9101800718559	3292.76	1495.912	911620.21
