0.00104001456020384	0.0185399851680119	3.369	0.922	363.27
0.00219003066042925	0.0392399686080251	16.089	1.056	790.22
0.00311004354060957	0.0552599557920354	25.14	1.152	1245.97
0.00383005362075069	0.0682199454240437	8.339	1.229	1629.28
0.00581008134113878	0.103139917488066	12.106	1.296	2329.53
0.00933013062182871	0.165959867232106	18.272	1.659	3480.35
0.0135901902626637	0.235979811216151	24.817	2.019	5490.36
0.0192502695037731	0.331019735184212	34.6	2.688	7418.13
0.0285403995655939	0.478619617104306	50.676	3.444	9569.95
0.0421805905282674	0.691199447040442	90.677	4.935	14938.03
0.0641008974125638	0.994499204400636	92.291	6.353	23359.46
0.0946613252585536	1.37285890171288	103.414	8.861	36071.87
0.14020196282748	1.84517852385718	124.663	11.742	51929.82
0.210382945361235	2.43485805211356	135.329	16.13	76370.47
0.315944423221925	3.01769758584193	148.758	20.741	99296.81
0.474636644913029	3.5978371217303	156.459	25.788	149853.15
0.710329944619225	4.12091670326664	236.821	32.635	280684.1
1.06191486680814	4.63499629200297	163.447	40.033	363053.92
1.59979239709356	5.23907580873935	151.395	49.31	478014.77
2.40395365535118	6.03431517254786	175.63	60.397	545547.83
3.59446032244451	7.22951421638863	199.227	78.599	663065.6
5.39573554029756	9.03023277581378	250.119	102.297	714815.17
8.08323316526431	11.7246506202795	360.368	141.382	741051.82
12.1406599692396	15.7888673689061	405.01	208.251	723063.57
18.2079849117888	21.851982518414	576.579	302.215	735968.52
27.3102223431128	30.9491752406598	832.574	433.983	756827.01
37.3115323614531	40.9685072251942	1168.423	566.443	778947.05
47.3155324174538	50.9901792078566	1547.562	710.942	801686.37
57.3133023862334	60.953531237175	1853.114	841.996	822430.29
67.3129923818934	70.9442432446054	2201.894	989.823	844444.71
77.3079323110524	80.9378352497318	2557.238	1129.124	866997.54
87.3094123317726	90.9533872372902	2904.759	1560.836	889896.82
97.2158610220543	99.8682401054079	3182.479	1706.074	911621.59
