0.00102001428019992	0.0183599853120118	3.596	1.326	383.11
0.00199002786039005	0.0358199713440229	5.66	1.587	790.22
0.00301004214058997	0.0538199569440344	7.332	1.75	1128.34
0.00376005264073697	0.067139946288043	28.148	2.013	1429.94
0.00581008134113878	0.101879918496065	12.205	2.473	2329.53
0.00945013230185223	0.166859866512107	18.087	3.077	3411.12
0.0128001792025088	0.222839821728143	23.665	3.789	4995.89
0.0189402651637123	0.325799739360209	33.07	4.365	7086.93
0.027270381785345	0.457919633664293	45.496	5.362	11362.31
0.0419605874482243	0.684539452368438	65.965	7.268	15189.84
0.0631208836923717	0.982799213760629	84.254	8.779	23611.2
0.0952913340786771	1.37033890372888	123.436	12.301	31116.9
0.139801957227401	1.84139852688118	139.119	15.098	47861.58
0.211212956981398	2.43449805240156	133.918	18.852	69379.85
0.317824449542294	3.01985758411393	142.237	23.89	94259.16
0.475786661013254	3.61097711121831	134.925	29.374	146649.1
1.06689493652911	4.64345628523497	142.6	43.823	364065.55
1.59730236223307	5.24771580182736	157.898	54.841	440745.8
2.40095361335059	6.04043516765187	220.317	68.02	575853.13
3.60038040532567	7.24643420285264	227.926	86.709	640988.96
18.2067748948485	21.858642513086	567.989	334.541	735282.54
27.3084223179125	30.9657352274118	903.4	471.763	756071.19
57.3122223711132	60.931571254743	1889.635	913.966	822905.59
67.3138623940735	70.9725032219974	2300.314	1071.244	845612.2
77.2424513943195	80.2320558143553	2587.417	1209.085	867193.08
87.2947321262498	90.702107438314	2982.636	1372.532	889542.98
97.0550887712428	99.4142804685756	3263.322	1515.559	910871.92
