0.000860012040168562	0.0154799876160099	3.302	1.086	343.43
0.00206002884040377	0.0370799703360237	5.485	1.411	861.11
0.00283003962055469	0.0507599593920325	6.961	1.666	1210.7
0.00409005726080165	0.0730799415360468	8.917	1.872	1594.14
0.0057800809211329	0.102779917776066	11.818	2.234	2116.02
0.00869012166170326	0.154079876736099	16.866	2.612	3572.61
0.0128501799025186	0.224999820000144	28.844	3.281	4980.65
0.02801039214549	0.475379619696304	44.421	5.162	11140.46
0.0404205658879224	0.663479469216425	60.706	6.54	16019.19
0.0628108793523109	0.976139219088625	83.411	8.55	22986.82
0.0932313052382733	1.34675892259286	133.463	11.772	35688.15
0.143392007488105	1.8818984944812	135.058	14.872	48849.2
0.208892924500943	2.40965807227354	134.159	17.903	70756.28
0.315784420981894	3.01805758555393	172.275	23.525	97275.1
0.476066664933309	3.60485711611431	140.973	28.826	142574.1
0.710479946719254	4.12055670355464	135.844	35.547	279249.41
1.0648149074087	4.64309628552297	153.276	42.741	364478.13
2.39197348762883	6.02207518233985	181.335	64.262	574108.7
3.59527033378467	7.23527421178063	224.255	80.204	647726.46
5.39672555415776	9.05039275968579	289.286	107.911	722712.66
8.0923732932261	11.7325706139435	335.041	149.245	740738.51
12.1336298708182	15.7791473766821	409.621	219.146	722976.12
18.21428499999	21.87736249811	523.79	304.812	736484.88
27.3031622442714	30.9464752428198	829.897	442.409	755385.29
37.3084623184725	40.9512272390182	1163.545	571.34	777986.05
47.3043122603716	50.9494992404006	1530.801	726.712	800555.68
57.306132285852	60.935171251863	1864.554	865.388	822812.14
67.3159224229139	70.9451432438854	2210.412	989.077	846146.4
77.3066022924321	80.9524152380678	2548.634	1129.198	866887.41
