0.000970013580190123	0.0174599860320112	3.26	0.891	406.9
0.00201002814039397	0.035999971200023	5.184	1.033	715.32
0.00306004284059977	0.054719956224035	7.001	1.128	1195.02
0.00408005712079969	0.073439941248047	18.235	1.222	1429.94
0.0058800823211525	0.104399916480067	12.373	1.324	2554.28
0.00926012964181499	0.162539869968104	21.849	1.631	3156.98
0.0127801789225049	0.223379821296143	24.117	1.927	5456.17
0.0186802615236613	0.321119743104205	32.541	2.509	7237.54
0.0278703901854626	0.4692596245923	44.54	3.46	10699.56
0.0420705889882458	0.685979451216439	87.911	4.697	15557.53
0.0620908692721698	0.971639222688622	108.627	6.527	22456.84
0.0943813213384987	1.38671889062489	119.87	9.455	32906.8
0.141091975287654	1.86317850945719	146.568	12.135	53549.74
0.211032954461362	2.41505806795355	135.355	15.343	71360.04
0.313464388501439	3.00779759376193	138.357	20.365	109437.79
0.472746618452658	3.57857713713829	141.2	25.752	149815.17
0.712289972059609	4.12163670269064	136.3	32.052	289282.35
1.07128499798997	4.64057628753897	157.386	39.046	363416.93
1.30452826339569	3.6008971192823	138.638	35.309	325408.23
2.39971359599034	6.02729517816386	182.971	61.676	578971.21
3.60076041064575	7.23887420890063	208.262	77.179	666309.32
5.39456552391733	9.03887276890178	248.829	101.504	717662.44
8.05363275085851	11.2559309952552	307.917	140.418	740636.39
12.1407199700796	15.7755473795621	421.135	207.138	722645.03
18.199054786767	21.850902519278	586.037	303.898	735579.77
27.3067722948121	30.9509752392198	860.447	430.416	755225.03
37.3079523113324	40.9481672414662	1177.896	563.085	779221.4
47.311342358793	50.9368992504806	1506.82	703.084	801055.84
57.3103023442328	60.952811237751	1846.736	850.279	822586.87
67.3094123317726	70.9350632519494	2197.837	991.489	845467.56
77.305972283612	80.9617752305798	2518.783	1121.824	867111.19
87.2912620776691	90.7339674128261	2868.614	1654.885	889236.91
97.1933507069099	99.7890401687679	3489.163	1806.463	911622.79
