0.000919999264000589	0.0165599867520106	27.533	0.97	311.66
0.00184999852000118	0.0332999733600213	15.139	1.059	770.52
0.00299999760000192	0.0539999568000346	17.804	1.179	1187.18
0.00366999706400235	0.0660599471520423	21.134	1.28	1410.39
0.00573999540800367	0.103319917344066	37.324	1.477	2108.25
0.00885999291200567	0.159119872704102	82.357	1.79	3557.24
0.0128199897440082	0.230039815968147	92.826	2.285	5304.14
0.0139199888640089	0.248759800992159	78.002	2.441	6297.86
0.0274199780640175	0.489599608320313	159.766	3.927	10614.28
0.0410999671200263	0.730799415360468	246.67	5.526	15462.93
0.0476799618560305	0.848159321472543	282.56	6.348	16469.6
0.0776699378640497	1.36151891078487	408.517	9.711	28354.18
0.114219908624073	1.97405842075326	634.023	13.491	38585.3
0.211289830968135	3.61439710848231	1159.7	26.034	67379.49
0.315049747960202	5.26805578555537	1626.904	38.956	107440.65
0.475779619376304	7.66601386718891	2181.506	53.144	143004.23
0.636619490704407	9.62117230306216	2518.693	68.872	188887.17
1.04054916756067	14.6332682933854	4413.617	140.316	364777.22
1.57642873885701	19.7989041608767	3776.389	197.315	478608.56
1.79760856191315	18.5072251942198	2120.095	192.309	498783.61
3.5867771305783	32.0257543793965	3513.569	340.128	640242.35
5.37292570165944	37.0016703986637	3422.173	404.501	717842.64
7.93995364803708	40.3791876966498	3150.458	443.373	741026.95
12.0065703947437	45.8913232869414	3400.428	517.676	723314.79
17.7591957926434	49.0407807673754	3322.512	581.232	735688.62
27.3115481507615	63.6614490708407	4874.8	749.321	756297.03
34.7386522090782	58.7854329716536	3847.1	725.383	772893.9
46.7404626076299	77.2123782300974	4678.809	963.086	798835.72
56.7911545670763	87.474890020088	5183.387	1100.284	822353.81
63.7177390258088	86.3435909251273	5508.37	1102.823	836572.71
73.9903508077194	96.0599831520135	5603.113	3009.067	859378.15
84.1132127094298	99.989920008064	5134.549	3059.67	883007.91
90.597097522322	99.999820000144	5036.548	3055.156	897270.04
