0.000819999344000525	0.0147599881920094	5.784	0.918	287.82
0.00213999828800137	0.0383399693280245	22.856	1.05	770.52
0.00258999792800166	0.0466199627040298	16.155	1.1	1202.86
0.00403999676800259	0.0727199418240465	25.811	1.258	1488.68
0.00643999484800412	0.115919907264074	43.115	1.587	2217
0.00668999464800428	0.120419903664077	41.53	1.557	2469.08
0.0106999914400068	0.191159847072122	61.332	2.128	4186.26
0.018699985040012	0.335699731440215	114.554	2.884	6800.2
0.0256399794880164	0.457019634384292	150.04	3.587	9771.22
0.0399199680640255	0.711539430768455	222.424	5.204	14445.37
0.060979951216039	1.08017913585669	377.496	7.447	23143.04
0.0868299305360556	1.52549877960098	527.291	10.645	31172.4
0.098469921224063	1.7137786289771	606.643	12.085	35197.09
0.201159839072129	3.4378172497462	1052.287	23.583	68970.48
0.270169783864173	4.31999654400277	1357.48	29.067	86747.67
0.275109779912176	4.55381635694691	1409.486	30.641	85994.06
0.708199433440453	10.8307713353829	2845.515	78.332	190114.41
1.06007915193668	15.0382679693856	3569.599	139.417	375865.71
1.43643885084892	17.7272858181713	3295.737	189.139	455099.79
2.23871820902543	23.6838410529272	3074.073	255.246	539420.97
3.56691714646628	31.4177148658281	3331.905	332.842	656442.72
5.38008569593144	37.5938699249041	3700.168	408.839	712665.3
7.90774367380506	40.0053279957376	2998.973	450.806	741074.78
12.0711003431197	46.7702625837899	3695.662	520.078	723200.46
17.3646761082591	46.1580830735335	3110.71	531.753	734923.33
25.1885598491521	50.0842399326081	3402.093	605.279	752075.81
37.1621402702878	71.2675229859816	4648.966	870.516	777955.5
45.336163731069	70.5444635644292	4436.985	880.731	796149.18
56.4930848055322	85.5568115545508	5122.292	1064.035	820687.37
65.8822872941702	92.3204861436111	5466.054	2899.901	841303.13
75.6813494549204	99.0505007595994	5161.696	3022.697	864437.99
83.7366030107176	99.938260049392	5062.233	3047.468	881783.12
90.583257533394	99.999820000144	5101.036	3074.401	897276.34
