0.000649999480000416	0.0116999906400075	5.224	1.069	228.16
0.00205999835200132	0.0370799703360237	12.614	1.373	660.07
0.00302999757600194	0.0545399563680349	25.489	1.684	1261.64
0.0039099968720025	0.0701999438400449	34.892	1.809	1453.49
0.00581999534400372	0.104579916336067	35.482	2.322	2500.06
0.0068699945040044	0.123299901360079	42.581	2.464	2824.99
0.00870999303200557	0.1565998747201	81.369	2.84	3418.81
0.0165199867840106	0.295559763552189	101.75	4.213	6758.7
0.0214699828240137	0.383939692848246	132.026	4.909	7512.13
0.0300699759440192	0.535319571744343	171.186	6.414	13603.62
0.0605599515520388	1.07423914060869	384.697	9.735	21012.73
0.0873599301120559	1.53593877124898	526.959	13.748	31172.4
0.12554989956008	2.17961825630539	713.234	17.049	50879.8
0.213229829416136	3.64193708645033	1261.006	27.768	67369.93
0.316159747072202	5.28929576856339	1670.929	42.748	106786.61
0.448419641264287	7.1846942522446	2083.366	53.429	137093.05
0.579329536536371	8.71091303126958	2232.114	65.794	164559.25
0.594709524232381	8.33651333078934	2058.712	66.873	172484.55
0.871099303120557	10.948311241351	2213.321	87.638	325243.48
2.39764808188153	26.1509190792647	3690.315	277.439	562939.56
3.5874971300023	32.0646343482925	3672.637	353.292	645736.1
5.38085569531544	37.6332898933681	3672.648	419.843	714000.22
8.06945354443716	42.2891661686671	3660.633	473.767	741036.93
9.2171426262859	31.5689147448682	2465.128	377.007	736592.4
16.9116064707148	43.8605649115481	3142.241	539.845	733922.63
26.7692885845691	57.5248939800848	3641.117	691.075	755203.84
37.2872501701999	73.0614015508788	5430.485	919.245	778189.34
47.1824122540702	81.4690148247881	5388.709	1027.598	800171.8
57.1963142429486	91.7034466372427	5806.944	1152.57	822499.7
66.5583867532906	95.257363794109	6497.698	1254.093	843764.12
75.6298094961524	98.9421408462873	5500.644	1290.626	864380.8
83.4473632421094	99.8797600961919	5339.982	1316.498	880993.28
90.596147523082	99.999820000144	5446.453	1346.857	897262.74
