0.000759999392000486	0.0136799890560088	6.901	1.071	371.21
0.0020299983760013	0.0365399707680234	17.251	1.421	770.52
0.00302999757600194	0.0545399563680349	25.332	1.592	1179.33
0.0037499970000024	0.0673199461440431	45.783	1.758	1601.95
0.00557999553600357	0.0998999200800639	44.788	2.177	1948.82
0.00703999436800451	0.126359898912081	67.443	2.543	2921.68
0.0129099896720083	0.231479814816148	117.472	3.526	4618.38
0.0164199868640105	0.293939764848188	144.286	4.482	6040.52
0.0221499822800142	0.395099683920253	176.232	4.769	7512.13
0.0422799661760271	0.753479397216482	349.852	7.392	15612.1
0.06253994996804	1.10879911296071	602.922	9.323	22577.76
0.0891999286400571	1.568878744897	759.419	12.575	29475.15
0.139059888752089	2.41937806449755	1090.315	17.646	48559.65
0.214439828448137	3.66353706917034	1634.804	25.909	67369.93
0.302309758152193	5.04197596641923	2229.775	36.664	93289.15
0.410069671944262	6.21539502768398	2483.053	43.899	123628.15
0.470999623200301	7.60589391528487	3092.328	52.145	136492.5
0.893889284888572	12.3811100951119	3790.482	119.643	328950.5
1.59122872701702	20.0847439322049	5207.651	203.085	470273
1.86085851131319	19.2000446399643	3069.961	194.849	487767.17
3.53267717385826	30.9236152611078	4301.49	327.626	661186.26
5.07285594171525	33.3752132998294	3289.351	377.758	709689.06
8.04464356428515	41.7606865914507	4568.387	465.895	740923.18
8.82769293784565	30.4727156218275	2896.18	355.602	738962.85
18.1662954669636	53.8618969104825	4907.757	612.444	736413.94
27.2938181649455	63.1722094622324	5750.561	740.03	756321.75
37.3008401593279	73.373161301471	7530.306	874.08	778119.18
46.886822490542	78.3623973100822	15576.606	965.769	799404.61
56.8319345344524	87.9095896723283	5984.635	1077.442	821732.21
63.9284488572409	86.7984505612395	5929.061	1090.59	837097.09
75.9133092693526	99.4904204076637	5499.547	1238.888	864156.41
82.9445136443891	99.7391802086558	5726.496	1289.367	879908.4
90.557257554194	100.0	5746.235	1315.13	897251.72
