0.000629999496000403	0.0113399909280073	5.798	0.887	311.66
0.00203999836800131	0.0367199706240235	17.574	1.063	841.43
0.00305999755200196	0.0550799559360352	23.768	1.158	1187.18
0.00322999741600207	0.0581399534880372	30.485	1.211	1214.62
0.00636999490400408	0.114479908416073	47.249	1.486	2294.62
0.00900999279200577	0.161639870688103	77.576	1.773	3272.55
0.0126499898800081	0.227339818128145	128.84	2.162	4995.89
0.0193399845280124	0.346499722800222	179.879	2.942	7098.23
0.0246299802960158	0.438839648928281	207.964	3.338	8812.76
0.0372199702240238	0.662399470080424	340.229	4.807	14587.78
0.0617999505600395	1.0952991237607	524.176	7.129	21858.78
0.0934599252320598	1.64357868513705	755.088	10.371	33786.78
0.110279911776071	1.91321846942522	843.415	12.066	36698.01
0.182719853824117	3.11741750606599	1395.895	19.991	66412.44
0.306949754440196	5.12387590089928	2092.38	33.435	94346.6
0.471839622528302	7.61669390664487	2983.643	47.738	136617.68
0.691709446632443	10.5179315856547	3747.995	68.617	273377.74
1.06020915183268	15.0033479973216	4825.52	129.512	352897.95
1.38457889233689	17.0080063935949	4312.338	144.992	438383.66
2.20593823524941	18.770744983404	2546.157	188.429	536561.64
2.3362881309695	25.1211399030881	5511.062	251.569	564516.45
5.06729594616324	33.3055533555573	3197.152	339.466	709971.55
6.55183475853219	30.4332956533635	2854.165	334.543	736647.65
10.4451016439187	35.5566315546948	3047.179	403.097	728062.02
18.1278054977556	53.2453974036821	4552.985	590.973	736205.42
27.0450383639693	60.0772919381664	4497.713	698.122	755953.47
37.2281802174558	72.0467423626061	6337.048	849.181	778111.4
47.0941723246621	80.3852356918114	5661.171	962.82	799888.66
56.9408744473004	88.7926689658648	5927.1	1087.718	822259.08
64.1746186603051	87.3445701243439	5932.207	1048.98	837719.48
75.1503598797121	98.0497015602387	5637.849	2239.738	863400.57
83.6562030750375	99.924220060624	5303.087	2210.371	881503.47
90.57163754269	100.0	5424.594	2243.842	897254.03
