0.00107999913600069	0.0194399844480124	9.405	0.953	379.14
0.00138999888800089	0.025019979984016	11.276	0.971	561.3
0.00209999832000134	0.0377999697600242	16.252	1.064	829.61
0.0038999968800025	0.0700199439840448	30.69	1.27	1570.72
0.00585999531200375	0.105299915760067	70.443	1.465	2158.75
0.00779999376000499	0.139679888256089	64.262	1.629	2848.17
0.00834999332000534	0.149579880336096	69.802	1.687	3253.3
0.0158999872800102	0.286019771184183	128.042	2.471	6070.81
0.0283199773440181	0.507059594352325	232.148	3.961	10009.24
0.0345599723520221	0.615599507520394	280.992	4.592	13123.2
0.0623799500960399	1.10645911483271	586.269	7.276	21858.78
0.0915499267600586	1.60739871408103	725.572	10.407	35951.99
0.121579902736078	2.07791833766533	842.44	13.07	41549.35
0.138739889008089	2.41667806665755	1064.137	15.947	51824.34
0.217249826200139	3.60269711784231	1522.753	22.893	73888.59
0.471179623056302	7.58159393472485	3195.065	48.141	138233.55
0.709289432568454	10.8480513215589	4093.745	70.514	190114.41
1.06535914771268	15.0598679521056	4877.216	132.039	360340.85
1.0882591293927	13.3327693337845	3187.808	121.03	388181.91
2.39353808516953	26.0769391384487	4819.091	257.323	549129.98
3.51137719089825	30.7081554334757	4396.19	314.751	657644.68
4.77251618198705	30.5105155915875	2960.499	329.486	707181.79
7.93386365290908	40.3080877535298	3817.399	421.217	741040.57
11.1360710911431	38.7635089891928	3229.012	426.391	721767.37
15.596517522786	39.4007084794332	3196.793	447.806	731083.98
23.8881208895033	46.6863826508939	3669.194	545.871	749211.73
36.0272011782391	63.1608694713044	4609.812	758.691	775554.59
47.2323122141502	82.1747942601646	6041.258	979.686	800455.96
57.0879543296365	90.3955676835458	6189.481	1108.141	822168.97
64.4914184068653	88.0233495813203	14184.792	1121.42	839814.03
75.7103594317124	99.1088207129434	5390.961	2213.08	864470.55
84.0074827940138	99.978580017136	5330.558	2190.27	882863.17
90.595407523674	99.999820000144	5391.231	2225.896	897270.41
