0.000959999232000614	0.0172799861760111	9.123	1.269	351.37
0.00182999853600117	0.0329399736480211	14.962	1.472	715.32
0.0026499978800017	0.0476999618400305	21.157	1.769	1104.8
0.003129997496002	0.0563399549280361	28.087	1.862	1167.57
0.0037499970000024	0.0673199461440431	32.624	1.972	1316.47
0.00631999494400404	0.113759908992073	54.902	2.501	2453.58
0.0130799895360084	0.235259811792151	130.815	3.929	5026.36
0.0164899868080106	0.295559763552189	139.952	4.223	6758.7
0.0257699793840165	0.460619631504295	215.663	5.779	10977.34
0.0415799667360266	0.741059407152474	354.176	7.748	15317.31
0.0591399526880379	1.04777916177667	547.463	8.958	22392.82
0.0909099272720582	1.59857872113702	705.647	12.967	30428.79
0.139559888352089	2.42603805916955	1202.368	17.642	46186.84
0.200119839904128	3.42539725968219	1626.369	24.609	64356.92
0.3120497503602	5.19551584358732	2253.927	37.791	106701.27
0.326449738840209	5.21045583163533	2114.664	37.883	105677.75
0.658979472816422	9.93689205048636	3493.33	70.454	186301.56
0.996989202408638	13.9341488526809	4292.094	130.192	335754.21
1.50115879907296	18.681645054684	4759.452	186.702	437908.14
1.69886864090509	17.5840059327953	3149.876	161.015	503850.14
3.45776723378621	29.9971560022752	3906.065	316.958	642278.09
5.34894572084342	36.6846906522475	4450.598	412.551	720839.33
8.07428354057317	42.5825659339473	4698.085	482.351	741084.22
12.1134003092798	47.8760016991986	4853.272	551.345	723066.12
17.9579356336515	51.0110591911526	4217.942	623.139	735702.85
27.0225483819613	59.8830720935423	4554.22	738.116	755829.7
37.0064603948317	69.4371044503164	4990.543	866.733	777474.98
47.2780721775423	82.9585136331891	6659.016	1059.863	800526.4
57.1955142435886	91.6445866843306	6766.29	1230.99	822483.3
65.4484676412259	90.708407433274	6039.242	1213.116	841999.91
75.9140792687366	99.4913204069437	5794.86	1352.75	864165.03
82.9653236277411	99.7339602128318	5774.944	1410.467	880600.9
90.568757544994	99.999820000144	5749.131	1438.046	897244.48
