0.000929999256000595	0.0167399866080107	3.547	0.929	418.79
0.00190999847200122	0.034379972496022	5.305	1.028	849.3
0.00310999751200199	0.0559799552160358	7.529	1.219	1261.64
0.0038999968800025	0.0701999438400449	14.659	1.202	1680
0.00426999658400273	0.0768599385120492	9.681	1.216	2030.51
0.00816999346400523	0.146159883072094	16.586	1.587	2848.17
0.00938999248800601	0.168479865216108	19.163	1.784	3453.43
0.0182199854240117	0.325259739792208	35.656	2.471	6044.31
0.0190999847200122	0.341819726544219	36.673	2.647	7741.3
0.0226699818640145	0.404819676144259	44.307	2.958	8898.67
0.0621399502880398	1.1001591198727	168.169	7.072	23398.47
0.0938799248960601	1.65671867462506	200.278	10.552	33786.78
0.137859889712088	2.40299807760154	262.196	15.941	52378.5
0.184119852704118	3.12533749973	334.316	19.963	59813.87
0.198209841432127	3.29003736797011	388.325	20.962	60755.94
0.472649621880303	7.62857389714088	687.884	48.076	136695.54
0.591609526712379	8.92241286206971	772.877	56.098	171957.52
1.06330914935268	15.0355679715456	1129.342	130.492	353474.12
1.59699872240102	20.1675438659649	1288.805	193.139	454829.37
2.35207811833751	25.2689197848642	1225.998	251.931	576623.67
3.5880871295303	32.0352943717645	1389.409	325.443	647720.4
3.84168692665046	24.4171604662716	807.99	258.949	670084.32
8.04892356086115	41.8292665365868	1408.969	450.345	740936.22
10.5301915758467	35.902051278359	1054.582	403.957	727963.97
18.2119154304677	54.5179963856029	1883.68	617.596	736614.31
26.1923090461528	53.9580168335865	1577.65	647.785	753744.15
37.2675801859358	72.6310218951825	2363.981	867.771	778014.59
43.9457948433641	66.8992864805708	2094	824.304	793136.76
57.1394042884766	91.0696671442663	2849.177	1110.39	822225.04
63.9674988260009	86.8094305524556	2737.88	1098.363	838840.08
74.0738907408874	96.0961631230695	2936.52	1534.756	861019.83
84.1033327173338	99.989020008784	3033.753	1572.81	883040.68
90.587997529602	100.0	2994.629	1581.26	897260.85
