0.000829999336000531	0.0149399880480096	3.42	1.085	426.72
0.00123999900800079	0.0223199821440143	4.003	1.158	450.49
0.00133999892800086	0.0241199807040154	17.671	1.17	667.97
0.0034299972560022	0.0617399506080395	8.791	1.361	1316.47
0.00396999682400254	0.0710999431200455	8.796	1.401	1367.35
0.00505999595200324	0.0907199274240581	28.992	1.516	1968.28
0.00862999309600552	0.154799876160099	17.053	1.83	3526.49
0.0157499874000101	0.282599773920181	33.323	2.481	5630.84
0.0273499781200175	0.488519609184313	51.431	3.692	9759.78
0.0310299751760199	0.552779557776354	65.037	3.893	11140.46
0.0559299552560358	0.993419205264636	113.991	6.655	19278.37
0.0872899301680559	1.53395877283298	194.769	10.391	29475.15
0.14077988737609	2.44745804203357	282.823	15.718	46186.84
0.211479830816135	3.61385710891431	426.697	23.257	75274.15
0.313599749120201	5.22845581723535	534.398	34.941	97698.66
0.37452970037624	5.96213523029182	523.395	38.75	115027.66
0.544089564728348	8.15147347882122	671.04	52.657	149736.49
1.06619914704068	15.0803879356897	1181.732	131.384	357112.87
1.59739872208102	20.269423784461	1261.883	195.409	471702.98
2.33589813128149	25.1157399074081	1196.548	255.025	564240.87
2.52750797799362	21.0326231739015	816.595	215.065	590738.73
3.36887730489816	22.0039023968781	732.155	224.461	644428.31
7.60903391277287	36.9761104191117	1086.824	407.951	740832.44
12.0908303273357	47.0723023421581	1501.41	516.484	722895.23
17.6228259017393	47.9561016351187	1435.197	566.286	735509.37
25.5147695881843	51.1626190699047	1564.35	629.395	752518.07
37.2910201671839	73.1179215056628	2454.888	931.588	778281.46
47.2333622133102	82.1459942832046	2660.765	1032.069	800460.63
57.1905842475326	91.5436067651146	2947.977	1431.117	822444.05
65.4155276675779	90.614267508586	3022.248	1243.046	841934.17
75.7330194135845	99.1514806788155	3017.387	1623.16	864495.26
82.9805836155331	99.7512401990078	3053.399	1660.051	879987.96
90.5433875652899	100.0	3139.009	1799.337	897244.51
