0.000569999544000365	0.0102599917920066	2.762	1.21	232.14
0.00214999828000138	0.0385199691840247	5.765	1.601	742.92
0.00253999796800163	0.0457199634240293	6.62	1.664	1089.1
0.00381999694400244	0.068759944992044	9.478	1.933	1488.68
0.00610999511200391	0.10997991201607	16.789	2.445	2337.29
0.00865999307200554	0.1558798752961	18.931	3.126	3145.42
0.0126199899040081	0.225899819280145	24.518	3.496	4801.52
0.0163999868800105	0.293939764848188	38.457	4.142	5630.84
0.0222299822160142	0.397799681760255	45.504	4.973	8213.89
0.0428499657200274	0.762299390160488	81.807	7.518	14675.38
0.0591199527040378	1.04687916249667	142.798	9.703	20150.14
0.09374992500006	1.65203867836906	176.169	13.403	31917.99
0.141919886464091	2.46923802460958	260.981	18.729	52203.27
0.147669881864095	2.51729798616161	276.082	19.719	51187.65
0.251979798416161	4.17851665718667	452.439	29.884	80675.62
0.26594978724017	4.27085658331473	440.834	29.757	86747.67
0.688889448888441	10.4808516153187	965.964	73.891	188453.21
0.84407932473654	11.6180907055274	879.364	82.139	301263.56
1.10906911274471	13.5687491450007	803.94	129.283	399928.35
1.96850842519326	20.378683697053	972.493	207.452	512259.88
2.11988830408936	18.1794454564436	717.829	190.599	525909.9
5.37830569735544	37.43115005508	1413.438	406.346	719016.79
6.34610492311606	29.4999964000029	1105.896	320.532	734887.62
12.1061303150957	47.6814218548625	1666.768	551.431	722676.12
17.8125357499714	49.4895204083837	1474.4	587.003	735574.49
26.8411985270412	58.0945935243252	1760.202	713.749	755369.89
36.1222511021991	63.6157291074167	2015.097	805.798	775798.76
47.1206623034702	80.6905154475876	2616.766	1019.464	799931.69
57.1286042971166	90.9020872783302	2956.529	1182.188	822120.46
66.6230467015626	95.8204033436773	3003.431	1275.086	843133.6
76.0364591708327	99.6848202521438	2998.059	1353.322	864694.81
83.0208035833571	99.7530401975678	3196.827	1416.41	880689.99
90.574597540322	99.999820000144	3147.408	1450.111	897253.41
