0.00105999915200068	0.0190799847360122	3.705	1.084	391.04
0.00209999832000134	0.0377999697600242	7.93	1.235	778.4
0.00263999788800169	0.0475199619840304	6.656	1.269	986.98
0.00404999676000259	0.0727199418240465	9.299	1.437	1683.9
0.00496999602400318	0.0892799285760571	10.942	1.486	2182.06
0.00896999282400574	0.161279870976103	49.91	1.855	3272.55
0.012439990048008	0.223199821440143	24.242	2.087	4362.41
0.0181699854640116	0.324899740080208	35.201	2.686	6044.31
0.0182799853760117	0.326699738640209	36.264	2.689	6690.78
0.0397799681760255	0.709199432640454	76.84	5.112	13654.9
0.0602299518160385	1.06901914478468	112.029	7.279	20816.19
0.081229935016052	1.42883885692891	149.906	9.571	28203.84
0.139779888176089	2.43125805499356	260.252	16.042	46624.83
0.212889829688136	3.64409708472233	1347.364	22.651	74796.77
0.304279756576195	5.08733593013126	568.418	33.52	94346.6
0.385429691656247	5.86601530718775	513.308	38.729	123343.05
0.418689665048268	6.70463463629229	625.391	43.631	122311.48
0.580599535520372	8.16515346787723	646.746	53.364	172484.55
1.563668749065	19.6363642909086	1173.562	192.736	475436.27
2.26092819125745	23.9551008359193	1129.598	245.454	543448.72
2.77752777797778	22.9645616283507	864.06	222.857	596942.71
5.1546258762993	34.2597325922139	1041.056	354.891	710274.94
7.86762370590104	39.5844883324093	1224.625	424.748	741092.83
12.1295502963598	47.9829216136627	1601.944	540.493	723315.53
17.7142358286113	48.6591810726551	1454.946	591.923	735726.22
27.1428482857214	61.1329910936071	1909.545	739.441	756130.02
34.6726722618622	58.5985931211255	1802.212	732.469	772671.18
46.920072463942	78.6269970984023	2488.06	1000.522	799357.53
57.1947142442286	91.6555666755467	2964.68	1447.958	822489.93
66.8059765552188	96.939282448574	2991.083	1539.987	843513.83
75.5173595861123	98.8044409564472	3448.873	1621.678	862559.54
84.1208627033098	99.989740008208	3096.528	1703.725	882834.31
90.55058755953	99.999640000288	3144.683	1685.199	897205.99
