0.000909999272000582	0.0163799868960105	3.295	1.09	387.07
0.00223999820800143	0.0403199677440258	6.61	1.388	782.34
0.0028099977520018	0.0505799595360324	7.541	1.688	1030.2
0.00333999732800214	0.0601199519040385	7.707	1.725	1316.47
0.00370999703200237	0.0667799465760427	8.659	1.706	1683.9
0.00413999668800265	0.0739799408160473	9.513	1.787	1629.28
0.0121099903120078	0.217439826048139	23.368	3.35	4618.38
0.0131099895120084	0.23489981208015	48.721	3.372	5113.93
0.0276699778640177	0.494819604144317	54.727	5.36	10012.96
0.0311599750720199	0.554939556048355	98.414	5.709	11140.46
0.06250994999204	1.10591911526471	116.252	9.542	24401.12
0.0861199311040551	1.51505878795297	184.133	11.775	31172.4
0.113119909504072	1.95821843342525	225.73	14.374	38585.3
0.115639907488074	1.97261842190526	197.023	15.63	41549.35
0.200459839632128	3.32459734032213	318.914	24.324	60755.94
0.460429631656295	7.39259408592473	695.03	51.094	133691.33
0.565279547776362	7.9766936186451	611.094	55.275	171268.37
0.708349433320453	10.8478713217029	938.257	76.151	194414.54
1.15804907356074	14.126208699033	895.367	129.576	416599.38
1.35974891220087	14.4640684287453	713.998	134.742	421916.22
3.52402718077826	30.8433353253317	1157.37	325.503	660003.54
4.64747628201897	29.5714563428349	927.425	327.346	703183.92
7.83717373026102	39.2527485978011	1255.235	428.268	741095.44
12.1124803100158	47.8331617334706	1591.007	527.497	722993.65
18.1353454917236	53.3442173246261	1680.101	612.315	736188.16
24.1105707115434	47.1952422438062	1413.787	564.923	749754.16
37.3074201540639	73.479901216079	2375.722	883.318	778295.78
47.2659021872783	82.9856936114451	2697.156	997.986	800343.03
57.1386142891086	90.9568072345542	2884.265	1103.904	822338
63.4578392337286	85.7965713627429	2850.799	1059.74	835943.72
76.0368191705447	99.6855402515678	2946.875	1269.749	864690.26
83.6078331137335	99.916840066528	2984.909	1319.498	882016.58
90.594227524618	99.999820000144	3044.35	1336.29	897270.87
