0.000929999256000595	0.0167399866080107	3.988	1.102	371.21
0.00121999902400078	0.0219599824320141	3.904	1.166	450.49
0.0026499978800017	0.0476999618400305	7.702	1.306	1104.8
0.0029699976240019	0.0534599572320342	7.517	1.331	1116.57
0.00538999568800345	0.0970199223840621	11.898	1.558	1948.82
0.00824999340000528	0.147959881632095	19.222	1.814	3222.48
0.0126899898480081	0.228059817552146	24.937	2.11	5361.17
0.0179799856160115	0.322019742384206	41.474	2.719	7045.47
0.0276899778480177	0.496439602848318	60.497	3.697	10350.93
0.0377299698160241	0.669959464032429	89.698	4.787	13053.45
0.0425899659280273	0.754739396208483	92.628	5.156	16367.67
0.0741899406480475	1.30103895916883	136.479	8.703	24623.79
0.139609888312089	2.43431805254556	290.161	16.424	51867.18
0.209549832360134	3.5929771256183	353.138	23.171	68643.34
0.301109759112193	5.00957599233921	501.291	32.834	98732.11
0.303959756832195	4.8506361194911	467.636	30.744	87427.74
0.628419497264402	9.46799242560606	811.034	62.45	171184.96
0.786179371056503	10.8304113356709	949.757	71.396	312522.93
1.59985872011302	20.291383766893	1330.894	194.137	457785.92
2.39481808414553	26.1035791171367	1350.657	256.384	548377.53
3.15263747789002	26.4309988552009	916.944	268.159	635591
5.38653569077145	37.6034099172721	1330.274	397.624	712356.07
7.77939377648498	38.5386891690487	1128.862	421.971	741078.87
11.4623808300953	40.7778873776901	1205.689	455.118	722024.47
18.1843354525316	54.1918366465307	1763.133	634.936	736381.57
25.3302497358002	50.5390995687203	1590.813	624.354	752317.91
37.1767602585918	71.4716428226857	2280.18	899.127	778007.36
47.2460922031262	82.7129938296049	2755.853	1041.291	800598.63
57.1416442866846	91.1026071179143	2930.316	1165.016	822243.1
64.8527081178335	88.9627688297849	2859.86	1198.678	840627.84
74.7778701777039	97.4661420270864	3052.362	1670.522	861368.88
83.5503231597415	99.9038800768959	3073.456	1734.009	881230.17
90.598647521082	99.999820000144	3099.925	1787.184	897269.86
