0.000629999496000403	0.0113399909280073	3.591	1.118	232.14
0.00106999914400068	0.0192599845920123	3.715	1.152	446.53
0.00332999733600213	0.0599399520480384	8.244	1.345	1108.72
0.00394999684000253	0.0710999431200455	9.288	1.414	1555.09
0.0060899951280039	0.10943991244807	13.05	1.577	2108.25
0.00878999296800563	0.158039873568101	18.005	1.897	3626.4
0.0127699897840082	0.229139816688147	24.977	2.321	4618.38
0.0143699885040092	0.256319794944164	30.535	2.275	5991.28
0.0169499864400108	0.303479757216194	32.402	2.539	6040.52
0.0240399807680154	0.428039657568274	55.253	3.186	8898.67
0.0432499654000277	0.76535938771249	81.836	5.49	16367.67
0.0914399268480585	1.61261870990503	187.593	10.626	33786.78
0.14024988780009	2.44313804548956	251.845	16.579	49280.5
0.173469861224111	2.95811763350589	291.377	18.899	56016.88
0.304069756744195	5.07257594193925	524.582	33.912	94346.6
0.324969740024208	5.17967585625931	449.731	35.014	105677.75
0.683839452928438	10.3960716831427	888.812	68.963	185003.49
0.726709418632465	10.0562319550144	752.691	67.638	287213.49
1.49270880583296	18.5268451785239	1152.865	183.777	436240.76
2.39324808540153	26.0547991561607	1296.936	260.364	552603.72
3.5884171292663	32.0653543477165	1300.579	323.005	655353.54
4.98222601421919	32.4114940708047	1040.441	337.577	709715.26
8.07060354351717	42.6713058629553	1487.014	468.037	741092.14
12.0732303414157	46.805182555854	1524.181	543.545	723168.42
18.1739054608756	54.1106567114746	1712.12	631.917	736421.41
27.2995681603455	63.2609493912405	2091.278	752.307	756306.01
37.3018001585599	73.6138211089431	2421.274	919.6	778465.55
44.4382544493964	68.0426455658835	2201.569	876.712	794112.11
56.0944551244359	83.4142732685814	2658.908	1120.78	819606.21
66.7311766150587	96.4734428212457	3015.242	1621.842	843650.95
73.3323213341429	94.8750440999647	3030.49	1621.934	859271.39
84.0277127778298	99.978220017424	3072.334	1728.127	882792.6
90.588877528898	99.999820000144	3111.676	1760.253	897260.96
