0.00088999928800057	0.0160199871840103	6.239	0.957	395
0.00197999841600127	0.0356399714880228	5.461	1.073	849.3
0.00282999773600181	0.0509399592480326	35.623	1.14	1167.57
0.00383999692800246	0.0691199447040442	9.142	1.182	1527.75
0.00551999558400353	0.0993599205120636	13.783	1.317	2162.64
0.00925999259200593	0.166319866944106	18.393	1.708	3507.27
0.0112899909680072	0.20249983800013	23.016	1.83	4102
0.0127399898080082	0.228779816976146	25.092	2.014	5102.51
0.0146899882480094	0.262799789760168	27.633	2.079	5991.28
0.034379972496022	0.612179510256392	64.172	4.512	12174.14
0.0496299602960318	0.873719301024559	91.435	5.904	17992.74
0.0534199572640342	0.941039247168602	104.09	5.995	19357.42
0.111849910520072	1.91285846971322	211.591	12.172	41549.35
0.114389908488073	1.98557841153727	343.601	12.131	38585.3
0.191179847056122	3.17159746272203	317.017	20.784	60755.94
0.473079621536303	7.63631389094889	714.406	48.489	136617.68
0.476979618416305	7.17119426304459	704.422	45.046	148993.84
0.764309388552489	10.5352115718307	849.944	72.619	329801.77
0.978349217320626	12.0884303292557	1505.43	112.999	327254.21
2.31731814614548	24.8354801316159	1412.923	245.406	548846.94
3.5895471283623	32.0910943271245	1372.573	319.089	647755.31
5.37887569689944	37.2572701941838	1382.223	385.776	719364.33
7.93426365258908	40.3149277480578	1278.158	420.43	741037.71
12.1165703067438	47.9555616355507	1609.025	526.973	723057.06
18.0407855673715	52.0316583746733	1596.191	581.288	735855.53
27.3137381490095	63.6558690753047	2071.316	728.372	756184.11
37.3081801534559	73.477201218239	2350.74	862.376	778295.47
46.848282521374	78.0310175751859	2417.591	938.454	799319.35
56.4778248177401	85.3364917308066	2642.651	1038.843	822024.76
66.8448965240828	97.2089222328622	2921.866	1586.223	843505.08
75.9931392054886	99.6128203097438	2989.6	1598.121	864744.95
82.872333702133	99.7186602250718	3000.151	1624.207	879721.8
90.598757520994	99.999820000144	3010.204	1679.946	897268.13
