0.000989999208000634	0.0178199857440114	3.325	0.892	426.72
0.00206999834400132	0.0370799703360237	5.338	0.998	742.92
0.00236999810400152	0.0424799660160272	7.272	1.088	837.49
0.00372999701600239	0.067139946288043	8.428	1.165	1539.47
0.00574999540000368	0.103499917200066	12.249	1.353	2294.62
0.00906999274400581	0.162899869680104	20.283	1.673	3307.21
0.00948999240800607	0.170639863488109	19.498	1.703	4343.29
0.0190299847760122	0.340199727840218	39.807	2.835	6800.2
0.0241399806880154	0.431279654976276	48.938	3.267	9860.5
0.0331299734960212	0.586619530704375	67.961	3.802	13178.25
0.042159966272027	0.75023939980848	82.099	4.953	15612.1
0.0814499348400521	1.43099885520092	179.464	9.468	28203.84
0.12522989981608	2.17151826278539	233.267	13.139	41258.79
0.160929871256103	2.73491781206575	281.482	17.865	51471.46
0.308199753440197	5.13053589557128	511.95	33.733	103112.11
0.472339622128302	7.60481391614887	702.002	47.372	138302.86
0.678019457584434	10.2929317656546	894.702	67.422	187954.29
0.768499385200492	10.5962315230148	785.299	69.803	332832.93
1.57582873933701	19.7850441719647	1385.261	190.377	479713.89
2.39091808726553	25.9953992036806	1308.542	259.065	560189.03
3.06915754467396	25.5313595749123	848.221	257.263	622075.23
5.37549569960344	37.2099302320558	1247.645	387.375	718937.25
8.06943354445317	42.4578260337392	1421.716	450.077	741076.77
9.86859210512632	33.5233531813175	964.616	368.493	732061.65
18.1738654609076	54.1110167111866	1720.907	616.016	736421.41
27.3175981459215	63.6619890704087	2110.817	722.14	756533.33
36.7152906277675	67.0602063518349	2583.408	805.708	777167.23
47.1382022894382	80.8566553146757	2524.091	970.129	799922.99
56.9521144383084	88.8857288914169	2729.439	1085.801	822208.54
66.6813066549547	95.9348832520934	2957.29	1551.014	844192.07
74.1268506985194	96.3015429587656	2927.055	1614.486	859764.45
83.1255534995572	99.7883201693439	3033.26	1644.495	880867.25
90.570147543882	100.0	3058.206	1676.013	897253.81
